03 05 22 23 38 50
01 04 15 23 42 54
01 03 11 20 23 60
04 07 14 22 27 31
01 06 09 17 21 44
03 07 12 23 32 56
05 07 27 33 39 56
04 33 37 39 53 57
05 27 33 49 53 57
05 17 23 35 39 54
04 17 33 37 39 53
04 19 21 35 39 53
25 33 47 48 59 60
02 08 10 20 25 30
10 20 30 40 50 60
01 05 07 13 36 48
27 29 35 38 45 49
04 15 22 34 42 57
08 09 13 26 27 30
09 10 14 27 28 31
10 20 30 40 50 51
01 11 21 31 41 60
05 15 25 35 36 38
02 04 07 09 26 30
03 13 25 37 42 54
06 13 25 26 30 54
02 09 16 37 44 51
08 20 25 32 49 53
12 15 17 33 41 60
05 19 33 34 48 52
12 19 28 31 32 33
15 28 39 44 51 56
03 11 22 37 50 54
05 07 17 19 22 43
22 32 34 38 51 54
07 15 38 48 54 60
01 07 12 31 50 59
05 13 30 48 53 60
01 09 24 33 49 58
06 14 22 40 41 56
10 25 38 41 50 52
01 07 12 13 17 29
05 12 16 20 31 52
12 16 29 32 42 60
07 09 30 37 47 55
04 05 10 23 34 60
01 05 07 16 28 32
07 09 12 30 54 58
02 05 11 13 24 30
01 07 14 24 29 34
05 13 18 26 33 48
13 19 24 30 46 55
10 18 26 33 47 59
04 12 19 25 36 52
03 04 05 14 27 33
07 10 16 28 29 35
13 20 30 47 50 52
07 13 21 31 42 65
02 11 22 35 37 38
01 03 09 15 27 32
07 08 09 11 14 17
05 06 14 16 22 24
19 20 27 33 50 55
05 08 14 20 41 55
03 08 09 20 35 41
04 08 11 13 16 20
04 13 28 45 49 57
09 17 25 42 55 58
04 06 11 24 46 59
01 37 41 48 53 58
05 13 25 31 33 60
12 19 26 34 47 49
03 04 06 16 19 23
09 12 27 48 56 58
21 28 41 53 57 60
07 13 29 34 38 45
12 16 24 36 48 56
06 24 26 28 48 53
06 10 21 23 32 40
10 23 45 48 52 57
18 21 23 31 47 54
03 06 10 17 30 42
15 19 33 44 49 58
03 05 10 20 36 51
03 13 19 36 42 49
05 18 26 31 46 58
08 15 25 37 49 52
01 06 12 18 19 37
06 27 39 47 54 59
11 17 21 44 46 55
01 02 06 09 12 19
01 06 10 20 28 31
02 04 06 17 48 57
01 05 13 14 21 26
10 20 30 34 59 66
02 07 21 23 48 55
08 10 13 24 33 42
03 05 18 21 30 55
02 11 12 27 32 44
07 14 21 28 32 45
05 10 20 28 44 52
06 07 09 12 20 29
02 21 24 31 41 47
23 32 36 42 57 58
08 20 30 39 46 49
05 10 32 38 49 54
16 17 28 35 53 54
07 10 15 41 51 58
07 21 23 27 37 38
06 13 13 27 40 56
01 17 23 54 56 58
25 40 44 48 57 58
20 34 44 51 52 53
01 24 31 46 57 58
01 03 08 11 13 18
01 03 09 16 22 33
01 03 07 17 21 51
02 06 13 21 27 54
30 33 38 50 59 60
06 07 10 24 27 29
16 18 37 38 57 58
01 09 10 15 23 27
04 13 15 34 35 38
19 28 31 41 47 60
07 23 41 46 49 54
07 24 31 32 52 54
01 05 06 11 12 25
02 07 25 28 50 60
08 12 14 20 22 44
06 09 10 16 22 23
13 18 28 32 39 40
04 07 11 15 22 57