vini
07 37 59 35 14 20
44 12 58 48 36 23
31 11 52 07 60 01
09 01 40 23 28 18
51 15 08 47 48 44
53 41 33 49 34 59
09 26 29 45 02 06
51 34 04 53 36 02
06 32 12 56 19 26
14 29 01 43 40 54
06 16 11 14 24 04
28 21 48 05 31 25
25 35 42 15 03 28
33 14 26 41 35 06
43 40 02 27 52 03
51 02 42 60 06 54
57 47 35 52 25 12
09 08 24 07 21 37
49 52 36 24 10 21
12 17 24 25 30 23
30 27 26 23 51 42
39 30 08 33 51 35
25 24 41 22 19 07
52 51 01 17 42 09
48 47 50 10 31 35
53 35 16 34 12 47
29 18 13 34 24 12
02 10 45 49 03 08
29 46 24 07 30 15
10 51 32 37 07 09
32 43 18 03 02 42
34 37 57 44 58 18
07 51 33 02 41 48
52 31 42 20 28 32
40 20 22 39 49 47
25 37 59 03 41 06
08 53 03 42 46 16
31 09 07 38 08 54
12 47 03 22 08 53
10 16 51 42 25 26
37 44 31 05 59 15
49 41 23 54 38 26
01 12 15 08 47 10
12 51 32 40 07 10
15 40 32 26 55 16
17 21 48 23 18 05
41 59 08 22 11 40
34 37 16 17 51 55
49 12 17 37 09 07
51 10 09 07 58 34
41 22 04 01 11 40
21 47 50 36 26 23
05 31 34 04 18 10
37 06 50 43 08 14
24 14 47 54 42 40
47 36 60 53 28 50
06 44 19 58 16 53
12 36 53 59 51 07
59 44 07 48 05 38
14 18 19 02 28 30
19 36 05 03 50 31
45 27 40 28 49 37
08 33 24 41 30 55
05 20 18 27 24 29
36 06 01 47 57 32
50 37 43 06 29 34
28 29 42 20 37 12
39 09 22 48 02 15
48 05 46 44 15 41
35 36 03 57 02 07
35 28 22 59 53 02
51 40 26 53 35 55
59 40 47 44 32 29
19 33 12 53 06 37
28 09 42 26 10 01
43 51 39 53 07 09
02 16 01 31 11 50
26 06 27 53 02 17
51 31 02 40 55 03
23 02 45 51 42 01
53 56 40 55 35 05
20 51 34 28 30 36
58 15 53 52 01 34
41 09 14 22 03 07
21 07 22 37 14 42
54 47 50 41 26 44
34 24 23 03 41 28
45 44 05 06 26 28
48 23 31 27 46 29
49 56 33 23 44 09
05 60 16 37 06 10
20 33 40 18 07 48
36 19 31 29 12 18
16 35 24 19 43 29
07 34 58 35 14 02
23 25 28 16 08 58
01 52 35 48 36 04
49 04 51 41 24 59
18 43 08 10 22 12
31 09 39 26 21 35
12 24 04 08 37 50
18 24 14 08 19 02
34 42 53 06 44 58
01 07 38 44 40 06
47 42 12 34 26 27
02 42 48 20 49 25
59 29 48 47 36 37
19 09 47 24 35 38
12 30 34 49 15 54
52 30 04 23 59 18
20 01 59 35 47 31
02 41 18 54 35 22
25 35 01 07 02 31
58 05 29 42 47 51
29 31 42 38 44 09
16 51 39 47 20 34
28 53 03 57 42 15
50 26 16 32 40 51
16 54 06 10 14 44
17 44 51 02 36 57
44 16 36 52 42 30
35 02 46 31 20 44
02 05 01 32 13 29
12 26 17 42 52 16
07 06 03 27 22 20
16 48 37 11 07 21
06 58 37 42 41 28
42 33 34 40 19 16
26 49 59 32 31 38
17 34 51 23 24 54
01 16 36 46 39 49
37 56 33 40 49 48
39 31 05 37 43 18
19 53 52 59 12 24
39 53 59 47 05 41
37 41 31 24 35 47
51 47 06 59 01 10
52 49 04 03 22 58
01 42 02 06 25 59
10 07 55 06 52 40
14 21 52 35 32 50
15 49 06 18 55 51
18 33 51 45 06 48
30 49 54 03 26 08
55 34 45 23 40 44
09 27 06 24 40 13
60 24 43 48 51 18
36 44 06 16 13 24
05 53 25 22 37 28
12 18 02 39 45 44
08 58 05 20 29 02
39 19 18 42 30 02
26 29 03 14 31 11
49 56 42 30 41 28
54 30 29 14 31 22
40 37 11 08 26 44
01 26 40 15 31 14
02 15 54 07 28 08
01 12 19 35 23 33
45 09 03 24 36 46
01 07 25 31 24 12
48 32 01 44 60 49
44 47 46 26 25 02
44 01 14 30 25 48
53 36 28 11 50 16
49 53 45 24 36 42
24 47 44 16 06 60
37 17 51 05 50 42
51 16 49 23 05 15
59 22 53 24 29 30
34 49 18 59 46 42
21 42 06 30 59 41
41 26 16 34 19 05
55 09 02 26 44 54
01 09 33 42 45 18
37 24 31 22 03 55
49 42 19 57 08 05
04 32 02 56 09 36
40 27 41 49 34 58
15 30 06 20 08 29
06 47 02 01 03 30
24 35 36 20 16 26
35 31 58 16 29 21
53 39 01 12 06 19
46 36 08 52 07 18
31 58 36 22 43 41
53 06 26 25 01 23
34 07 56 52 14 21
08 23 41 36 03 57
32 36 23 50 43 24
23 42 10 34 35 25
49 46 47 53 18 44
34 27 10 18 28 30
45 05 18 38 52 35
08 32 31 54 37 52
46 36 18 01 58 29
47 22 06 29 25 43
34 22 08 59 09 10
07 37 22 31 50 28
32 17 06 52 49 54
15 37 18 03 23 08
43 46 06 08 53 49
57 37 25 52 34 29
18 02 37 16 34 60
21 10 32 35 30 36
58 42 34 40 60 41
08 21 36 37 02 19
35 24 34 30 27 25
22 07 48 06 60 41
07 25 22 43 36 42
07 45 18 01 42 04
16 22 19 55 06 48
44 40 34 43 27 23
02 33 57 12 37 30
41 16 53 58 08 49
30 41 23 46 44 59
09 28 32 41 46 55
35 09 45 02 25 30
16 26 10 25 18 22
18 28 15 10 03 35
17 26 31 20 44 02
28 56 18 31 30 29
12 14 43 02 08 11
18 40 25 12 50 32
36 60 01 20 18 51
20 22 32 14 07 37
38 16 26 01 40 12
18 60 54 03 49 23
09 01 18 11 15 12
25 07 31 02 33 35
01 29 37 49 26 51
03 40 52 19 06 32
07 28 58 55 02 30
54 05 44 59 26 47
14 23 53 49 56 04
48 26 12 08 04 60
34 29 35 50 09 13
32 13 19 52 26 06
23 16 53 51 40 27
06 40 44 51 25 48
40 01 32 03 58 57
42 08 48 50 30 16
22 45 03 17 26 16
54 57 42 03 29 47
22 10 36 12 47 53
47 08 32 05 41 13
13 23 28 20 42 16
54 46 28 31 35 36
34 29 18 53 21 27
32 47 16 12 37 24
30 01 08 49 09 29
13 33 42 31 12 49
35 25 07 34 08 55
55 46 32 34 26 52
37 50 52 56 47 29
37 02 35 60 46 32
31 48 34 44 29 14
02 35 17 03 25 32
28 55 47 56 32 01
35 26 58 23 36 06
06 23 51 18 60 05
23 30 16 18 17 05
31 05 46 36 14 17
06 23 17 42 51 34
16 08 45 37 46 26
40 51 58 49 35 11
22 03 05 27 41 07
53 18 05 30 32 08
52 26 36 09 23 02
26 60 18 34 12 07
38 17 44 31 02 40
16 23 54 10 42 35
17 29 01 23 12 11
56 47 08 33 37 48
37 39 20 47 03 44
51 49 31 57 54 41
27 49 42 05 55 22
42 37 41 39 44 11
08 40 34 22 52 37
55 59 01 24 52 26
02 09 10 29 22 12
19 24 32 49 14 60
44 49 53 48 41 11
54 23 09 01 29 02
32 10 26 03 28 01
24 36 45 14 31 03
13 27 24 05 28 41
05 09 34 25 35 11
10 08 14 36 44 60
42 54 22 59 12 14
18 01 36 38 41 05
02 06 43 10 53 03
44 03 40 31 56 07
52 47 26 07 12 33
51 16 35 48 37 57
48 42 17 23 31 52
01 20 24 49 41 23
07 56 03 40 35 23
05 21 49 27 01 06
26 36 39 19 01 37
42 53 15 49 34 60
30 29 51 32 01 28
30 14 23 07 27 45
25 15 35 34 22 01
22 60 02 14 49 03
53 07 30 60 41 52
16 09 06 08 14 25
01 05 57 19 03 47
18 30 53 08 10 59
10 35 16 30 43 24
29 11 16 36 28 07
14 47 36 13 10 53
40 30 52 45 34 19
30 38 32 29 01 23
35 28 25 12 17 32
41 52 59 44 20 28
08 28 24 17 03 47
47 16 14 40 44 21
01 12 55 43 36 18
22 42 02 58 52 31
06 47 08 19 29 51
50 05 23 55 29 36
27 32 03 40 19 34
18 52 58 26 01 60
35 45 48 16 51 23
58 52 01 05 30 08
26 12 49 35 06 54
48 36 05 35 53 08
33 41 44 30 26 25
04 09 22 55 35 30
37 41 59 26 20 02
54 28 23 12 31 32
37 47 26 36 21 45
07 14 49 19 21 06
14 06 20 60 03 52
18 12 20 31 29 11
03 27 22 12 18 19
39 37 24 08 58 12
18 29 16 47 59 26
46 02 24 47 40 43
59 34 53 41 05 49
12 02 30 23 19 59
22 23 35 49 42 34
38 09 58 47 03 12
44 02 34 10 32 25
35 10 03 49 06 55
42 50 08 39 23 03
04 30 47 49 35 44
34 16 53 05 12 25
42 44 29 33 31 46
27 40 24 09 08 43
35 41 37 06 33 26
26 55 16 03 23 20
06 36 40 34 03 26
13 35 05 36 09 34
27 45 49 06 44 09
36 18 42 30 34 29
27 16 02 42 45 05
03 14 12 32 41 57
10 28 35 12 36 07
06 26 34 18 38 08
17 50 49 28 03 01
47 24 37 33 28 15
34 48 42 51 35 02
40 16 43 29 26 39
59 51 16 54 53 03
14 09 17 30 54 47
43 42 15 44 51 01
19 51 41 40 17 09
11 14 54 35 24 49
18 05 52 58 51 43
56 26 08 47 55 44
19 36 32 55 05 01
36 38 31 12 18 27
01 48 07 29 51 15
03 38 32 59 41 30
11 42 51 07 37 26
08 36 41 26 47 27
40 30 58 17 32 34
27 16 05 39 01 30
08 21 42 35 44 24
30 44 38 41 18 50
05 10 51 37 24 04
12 36 40 06 44 39
31 35 19 18 41 40
48 16 57 32 49 30
23 42 49 59 12 03
40 03 16 58 42 53
40 08 32 47 22 14
57 18 36 46 34 02
37 31 15 51 47 07
28 31 01 24 30 14
40 08 07 23 42 47
27 11 01 28 08 41
10 07 22 55 31 18
53 48 27 08 10 12
02 33 05 03 16 37
31 03 58 07 13 12
47 49 05 45 08 53
40 42 19 26 21 53
47 35 28 59 13 06
48 01 10 37 53 11
41 34 22 52 03 42
36 07 38 18 21 40
24 47 11 59 02 29
24 35 28 10 42 55
32 35 23 06 49 15
36 01 38 24 45 09
48 01 29 47 54 20
13 02 07 37 40 03
33 23 03 51 08 45
10 53 49 37 28 20
58 37 41 08 36 12
31 10 05 36 59 12
28 55 12 16 09 54
02 07 18 05 49 38
38 24 18 45 05 35
33 42 06 40 45 32
44 24 23 15 45 41
50 08 58 41 12 51
26 01 53 57 42 45
05 07 49 53 38 58
12 03 48 21 49 40
52 36 09 41 15 54
15 06 24 51 50 32
23 31 37 14 39 22
02 59 09 03 14 35
01 04 28 06 25 41
14 43 57 35 52 42
18 09 12 36 04 27
14 02 35 47 25 22
47 19 02 30 21 32
16 14 08 50 21 28
41 52 08 30 11 46
27 55 18 28 07 35
53 50 26 37 06 59
12 42 46 30 09 19
09 52 18 28 51 58
33 29 37 34 22 54
59 52 08 12 37 44
49 24 47 12 45 08
26 34 21 18 57 51
16 24 30 28 39 20
14 08 36 35 01 42
25 40 22 30 05 57
49 57 17 09 42 12
06 01 39 34 52 24
38 47 05 16 39 06
18 44 48 50 31 07
24 44 58 40 17 42
07 59 09 60 02 48
16 60 36 49 57 02
14 31 40 45 36 38
26 16 29 02 55 51
19 08 29 36 49 34
40 44 55 37 42 52
20 29 51 07 04 08
29 10 47 50 34 18
13 06 26 36 52 59
14 24 33 03 21 16
01 47 43 07 39 14
30 33 49 42 16 26
18 03 44 13 37 23
26 18 05 47 30 23
25 48 19 44 41 03
32 09 03 19 11 16
04 06 07 40 08 46
26 12 55 36 49 15
46 04 06 29 05 03
47 24 40 48 53 05
35 28 41 44 22 15
40 35 11 44 09 26
18 01 38 26 41 60
06 17 31 51 39 29
40 28 59 35 60 37
40 18 26 04 41 31
14 28 45 58 02 35
42 11 09 60 48 12
45 24 11 32 51 41
42 12 22 53 07 40
32 25 18 03 60 06
29 07 36 24 59 34
47 31 52 06 33 56
36 03 30 46 55 12
06 04 34 23 29 21
44 02 20 54 52 41
53 37 41 40 09 22
40 36 53 25 22 21
44 40 02 41 28 55
54 14 02 40 49 50
18 05 22 23 04 21
16 14 26 38 43 03
48 58 08 34 44 28
11 14 05 27 30 48
42 29 28 02 16 56
49 33 14 05 47 31
32 42 12 51 17 24
32 41 21 57 29 37
40 49 06 09 47 55
55 09 37 11 22 41
35 10 09 22 02 49
14 38 05 26 37 35
18 09 54 32 35 34
28 35 41 01 44 50
45 01 22 24 47 33
47 28 14 07 30 19
16 34 15 32 20 52
57 40 17 29 12 36
06 22 21 28 16 41
05 14 29 48 55 51
21 29 06 07 18 34
02 30 26 45 19 07
52 27 11 14 24 37
03 47 17 05 49 40
29 36 02 13 52 15
52 20 21 03 53 24
14 12 60 43 30 26
56 24 05 18 09 17
49 05 16 38 36 45
52 16 26 28 48 07
18 45 49 30 58 01
42 35 44 15 03 13
28 55 09 08 14 41
01 35 28 16 39 58
40 23 33 07 18 44
11 14 19 18 30 26
53 44 52 05 09 43
48 08 26 37 20 11
42 37 46 08 34 23
06 52 39 59 36 03
36 24 32 34 44 33
28 20 42 12 59 08
15 37 29 44 05 35
29 48 45 22 19 06
43 02 05 06 40 41
05 08 21 04 09 36
18 43 49 11 05 36
55 22 54 49 12 09
24 23 59 42 53 20
41 07 37 24 33 46
31 22 35 26 33 50
05 24 51 35 50 11
35 23 16 08 31 36
49 60 47 37 25 03
05 21 51 04 06 44
01 15 02 29 50 37
17 19 31 09 24 18
33 24 06 52 37 29
58 52 30 03 55 51
41 26 31 14 01 05
26 34 32 38 02 07
35 49 57 15 09 08
01 50 07 28 14 46
54 34 02 51 45 14
43 42 01 51 14 35
28 04 24 03 49 06
26 34 38 30 01 04
28 01 35 50 24 51
38 01 47 26 34 15
03 19 02 09 13 30
30 40 09 24 04 18
35 15 53 14 41 03
07 13 19 35 01 49
42 13 29 41 31 40
27 39 23 24 37 47
16 34 49 56 26 52
29 27 60 44 37 28
14 29 35 17 12 54
28 05 52 21 27 26
31 46 10 28 49 26
41 27 26 06 52 03
43 19 03 23 29 42
05 53 02 31 18 34
14 47 28 06 24 15
12 44 50 36 35 05
33 01 35 31 08 19
19 57 29 48 32 01
44 35 48 15 07 19
41 30 38 02 37 42
60 57 24 49 03 28
49 40 23 07 19 12
36 01 59 06 20 37
23 35 60 29 40 52
34 09 53 19 20 28
41 13 37 53 47 17
40 49 44 01 50 06
16 28 03 48 56 58
16 20 10 35 09 34
53 35 56 15 44 34
48 10 18 52 27 31
12 31 46 27 09 16
12 58 21 23 03 36
18 39 40 08 49 29
19 51 23 33 37 42
07 31 11 48 51 49
32 18 49 45 48 57
08 47 46 11 03 18
26 05 53 06 23 31
23 44 51 50 03 40
31 27 59 47 05 01
02 10 34 31 18 13
17 58 23 07 48 22
56 42 01 39 40 14
52 12 54 01 41 05
08 04 25 23 36 53
24 47 08 59 02 17
14 47 15 32 24 44
44 35 05 45 08 16
30 60 08 12 37 54
17 42 31 08 16 15
51 14 34 29 57 55
34 26 18 59 08 21
44 16 57 19 07 22
30 05 46 57 34 23
25 40 13 24 30 42
14 02 28 59 30 58
29 38 16 01 19 08
50 51 40 32 02 42
11 14 34 24 50 07
37 09 07 16 53 06
06 35 25 51 09 52
42 16 12 47 10 09
34 06 26 30 27 02
39 01 26 22 43 34
29 25 02 28 49 32
41 49 42 27 60 53
07 01 35 30 14 02
07 45 26 36 49 46
14 53 24 47 45 20
20 14 40 27 06 18
43 40 14 60 02 31
47 24 54 48 16 58
16 04 36 19 31 01
10 22 37 31 12 55
14 12 16 47 27 02
10 41 51 05 17 42
22 35 31 06 55 45
02 48 28 39 45 12
22 26 07 06 34 52
19 03 52 55 40 18
28 06 14 46 08 30
47 18 37 54 30 49
29 32 40 37 45 60
07 13 14 28 53 37
36 28 42 49 09 10
48 01 14 30 57 28
35 21 05 23 27 29
20 34 33 53 35 29
14 34 53 12 48 20
45 47 40 01 46 44
29 14 02 59 57 52
40 36 43 35 23 39
36 52 15 60 37 16
07 40 33 30 31 24
60 31 14 55 29 23
47 36 15 09 26 57
19 12 52 34 46 36
07 37 09 46 31 45
14 44 52 35 51 37
29 47 33 15 28 12
40 03 28 12 37 42
45 42 08 31 15 18
27 32 16 07 10 08
07 14 12 47 13 04
35 42 34 08 30 24
02 35 38 29 44 28
40 01 17 47 04 41
41 40 31 14 57 26
48 52 06 20 19 36
02 47 49 06 42 38
24 52 56 58 03 37
03 41 15 11 44 53
26 34 24 36 48 47
01 24 51 17 05 57
58 29 02 44 04 51
47 28 56 32 29 39
50 42 23 43 44 32
18 39 07 06 08 23
44 23 36 51 49 19
51 28 44 19 52 45
37 26 08 52 13 10
29 22 57 12 34 26
42 47 01 15 44 12
35 36 11 52 02 23
20 39 01 42 48 36
26 17 42 27 12 44
18 24 29 51 33 34
59 27 18 30 08 01
09 56 03 32 23 21
16 49 27 40 51 37
60 21 06 37 32 16
01 48 07 33 49 53
23 12 59 22 42 02
35 19 28 51 14 34
28 40 10 47 49 42
34 22 11 49 55 23
07 41 08 03 15 06
28 47 24 10 30 60
51 43 47 06 26 03
27 05 40 28 35 41
09 02 06 19 45 37
03 34 09 36 15 59
24 41 11 26 45 22
29 38 08 02 57 06
02 54 12 50 51 24
24 55 40 27 34 47
53 14 12 21 38 28
11 01 35 20 16 47
21 51 14 42 16 53
42 19 12 57 28 09
33 18 53 43 16 12
14 40 12 09 03 22
10 41 01 30 52 20
47 39 01 22 30 28
32 53 30 44 11 38
24 42 28 01 21 54
10 18 26 37 24 34
30 06 04 05 12 51
25 05 51 58 52 18
05 27 18 16 30 03
43 35 48 11 08 06
01 60 06 35 29 11
01 36 19 53 10 51
28 20 54 06 03 49
18 20 16 47 19 08
28 10 51 55 02 08
58 08 47 30 46 34
24 04 14 32 08 60
22 27 08 29 36 41
04 47 32 07 37 28
29 23 54 32 46 52
23 40 35 12 20 48
50 07 51 03 20 18
07 43 44 32 02 48
06 03 28 15 59 05
35 49 08 56 40 19
30 39 02 54 22 49
02 03 13 44 17 26
53 01 09 26 35 37
07 55 28 22 12 17
45 28 32 34 21 48
23 39 14 11 49 37
47 31 17 21 52 29
40 28 54 29 24 33
12 29 39 47 03 44
43 07 06 02 45 14
04 60 31 34 41 52
49 29 57 26 36 28
13 49 45 06 23 03
43 44 53 35 32 06
16 26 32 05 48 31
36 22 60 25 52 31
06 23 26 55 28 37
14 28 04 52 40 07
49 43 47 09 53 05
54 14 16 30 22 60
39 23 24 05 49 02
34 36 58 03 52 23
19 49 37 45 28 31
14 51 07 31 04 18
02 48 21 05 59 30
53 45 60 47 24 09
49 52 03 18 29 57
59 03 49 50 32 34
24 01 39 52 35 04
37 05 06 07 16 56
55 41 17 22 24 47
35 42 11 34 41 07
50 37 49 53 03 58
46 14 54 09 02 01
32 18 50 44 19 12
31 52 02 60 06 21
24 41 37 42 50 03
32 16 26 30 18 33
05 22 57 58 52 18
29 05 56 03 58 34
16 42 23 33 01 26
07 24 32 09 40 42
02 51 35 24 29 14
48 26 08 09 02 25
05 40 32 09 07 06
16 44 28 07 39 08
35 27 57 24 30 32
47 36 16 43 22 24
08 35 37 60 18 58
03 24 52 35 02 16
17 29 18 12 35 41
48 08 33 24 51 10
35 09 47 45 07 24
14 29 07 19 35 41
42 22 41 31 54 45
32 48 40 58 27 36
01 47 12 16 45 43
27 42 32 31 23 20
18 24 39 40 20 30
31 59 42 43 16 35
53 02 08 13 19 49
47 40 27 22 37 50
51 24 59 11 16 12
30 44 57 03 41 50
52 18 12 41 05 35
44 16 34 53 12 56
03 42 49 25 36 06
34 29 37 43 47 52
32 02 18 21 51 41
08 50 48 42 21 52
09 57 31 49 52 36
49 05 27 51 55 08
22 52 14 07 25 03
18 39 07 16 01 50
48 37 06 35 43 22
03 51 08 11 47 26
23 33 35 56 14 48
13 12 47 35 29 42
28 22 08 48 11 14
22 06 34 19 39 02
60 18 01 30 29 41
23 35 30 39 40 15
19 29 38 23 24 37
47 48 52 23 05 02
06 14 38 26 33 37
16 03 52 27 49 12
24 59 08 53 41 05
31 09 38 48 60 08
60 58 53 29 44 47
12 25 52 03 35 59
32 26 20 12 29 06
40 55 43 28 07 51
01 27 41 43 47 36
53 16 29 06 59 07
06 03 31 35 25 12
53 01 18 09 27 23
49 56 24 32 16 53
18 52 48 55 27 05
10 06 08 24 56 09
44 21 29 23 01 04
26 54 30 37 43 03
06 15 45 32 09 23
56 42 23 48 29 35
09 03 24 50 47 06
05 53 39 28 08 04
15 37 28 44 19 24
15 36 57 47 28 30
15 09 35 08 10 47
42 04 36 58 48 32
49 34 47 05 51 12
09 36 01 23 41 60
48 27 31 34 52 07
18 59 49 09 37 48
08 24 45 36 48 52
35 53 49 39 48 25
59 08 51 37 52 09
02 53 21 18 11 36
23 34 16 02 49 07
07 16 08 27 01 31
51 18 07 55 48 16
23 48 07 31 55 53
42 30 50 34 58 26
05 44 33 06 50 03
10 06 40 36 49 01
27 08 24 05 56 37
59 04 14 30 44 53
08 57 47 13 06 16
06 17 29 42 43 48
40 23 18 32 35 44
32 49 08 54 57 07
50 05 47 53 13 37
21 03 44 37 26 19
55 33 31 48 18 16
34 22 15 12 32 53
14 42 32 31 24 60
26 60 14 30 10 18
56 36 37 21 28 23
45 29 48 14 28 55
37 29 45 49 08 03
31 33 41 34 04 05
09 26 39 16 49 57
50 01 53 58 29 40
29 49 60 09 20 06
37 35 42 24 18 27
53 06 48 15 46 05
21 31 06 51 35 40
49 56 12 47 42 36
08 04 53 47 34 03
14 28 36 07 34 57
30 18 42 54 58 49
40 44 38 49 54 14
35 52 49 30 22 23
53 08 03 31 04 38
52 11 13 08 41 14
08 36 05 39 35 32
44 05 58 14 06 54
43 49 41 36 46 29
26 49 03 07 28 02
32 05 44 28 01 03
44 33 31 29 26 03
07 20 26 12 18 01
41 36 04 29 45 14
23 35 45 18 28 48
35 07 48 37 31 52
05 55 47 40 42 10
22 47 17 15 06 35
36 18 51 20 44 19
08 05 09 03 43 57
08 23 12 46 52 42
41 45 23 53 38 36
37 40 35 02 46 33
34 03 53 42 39 29
31 44 37 59 50 30
35 34 16 47 04 49
51 20 40 29 55 24
47 51 10 26 58 14
04 25 36 09 32 05
46 06 37 58 36 05
28 44 49 26 60 54
40 27 14 15 08 31
30 23 56 06 08 47
47 33 06 17 34 18
37 35 58 22 32 14
24 20 53 12 19 28
02 47 11 29 54 03
51 29 48 20 31 06
29 14 32 04 55 07
01 05 07 55 49 30
16 56 50 41 09 03
31 16 19 21 28 22
18 39 31 58 44 42
25 30 26 41 02 12
09 37 50 05 15 52
52 30 53 37 55 22
14 10 46 23 26 12
52 34 18 45 44 40
41 44 23 35 47 59
35 50 14 53 60 01
09 34 28 17 36 13
14 06 34 45 16 48
24 47 41 19 26 56
14 32 13 01 26 59
60 49 08 33 32 12
16 32 21 03 15 14
47 03 52 60 07 51
39 57 52 41 08 18
36 45 55 49 44 12
14 28 55 47 42 11
40 07 06 27 15 49
40 08 39 30 03 26
42 20 51 43 06 05
51 08 55 33 23 32
27 41 02 11 12 09
44 34 28 12 42 57
42 14 54 33 41 23
54 33 01 47 05 49
44 16 54 37 36 25
44 36 41 06 37 54
22 52 17 27 06 37
03 19 15 06 01 28
41 21 37 07 28 04
30 36 08 23 25 35
35 03 30 43 42 27
51 09 30 52 48 25
25 47 16 30 54 44
24 41 39 42 36 29
23 05 11 16 53 40
30 24 15 14 48 28
18 49 20 09 32 05
28 19 09 30 40 39
44 57 07 09 28 50
45 28 18 21 12 47
16 40 56 31 20 05
05 26 15 35 52 10
01 18 42 29 39 55
01 35 41 12 33 20
15 52 09 06 27 14
35 23 40 31 04 59
60 35 17 22 06 40
31 58 36 02 47 59
03 25 29 12 53 60
47 10 44 19 35 05
49 08 53 22 40 52
52 27 09 39 24 28
05 38 42 44 55 12
02 54 52 48 35 59
34 50 44 52 03 06
03 32 08 42 29 24
34 09 51 36 03 33
20 41 35 49 44 26
16 47 04 50 51 40
01 34 08 28 27 12
14 53 04 28 44 31
40 48 04 49 07 16
22 23 36 45 15 29
36 53 17 30 37 60
19 47 37 55 03 53
34 40 47 01 28 37
60 22 29 32 39 08
52 55 03 32 35 24
23 25 16 04 14 34
39 31 49 23 24 35
40 42 32 48 21 19
31 50 30 48 55 53
09 42 26 14 18 54
11 01 26 03 54 37
12 26 14 09 34 47
06 36 45 37 43 42
03 45 31 16 41 36
42 34 10 04 30 06
32 30 03 04 14 51
10 05 12 58 48 14
29 43 26 40 02 42
56 15 16 41 34 35
03 48 30 19 35 02
17 07 60 24 28 09
51 10 01 18 05 24
03 06 12 52 60 53
08 12 01 22 16 18
44 32 02 55 16 28
41 23 52 09 19 40
02 48 15 07 49 06
42 21 16 22 08 28
30 07 12 01 42 26
53 49 10 33 28 31
31 13 32 44 30 04
57 24 47 28 01 13
49 32 26 10 52 27
42 20 35 30 29 16
05 18 31 40 51 21
35 06 43 40 34 05
26 49 57 53 11 44
07 16 56 33 26 40
21 37 54 42 03 16
56 39 14 36 29 16
31 29 24 05 27 51
26 37 53 36 23 35
19 48 24 32 08 21
08 41 56 28 12 11
13 29 48 40 07 04
02 09 60 41 03 57
51 45 02 03 17 53
28 26 41 25 01 27
01 42 07 33 29 49
12 55 41 16 52 27
49 26 17 31 32 47
24 40 09 56 02 27
16 20 07 23 12 46
29 30 11 02 18 32
29 13 48 52 14 40
42 23 15 37 28 59
05 33 26 31 13 18
40 53 12 44 52 35
35 09 33 40 13 31
49 53 44 31 45 42
38 50 29 06 18 16
54 25 44 34 32 01
26 07 14 30 01 45
07 51 09 26 27 10
36 59 30 25 12 24
53 12 05 33 02 07
59 48 51 06 30 43
57 08 50 09 47 42
03 41 15 42 34 56
14 43 35 09 25 49
57 12 24 18 42 50
30 22 40 24 41 16
30 23 07 05 48 35
49 23 30 13 52 03
02 52 06 10 31 55
53 21 42 22 44 47
36 42 27 28 07 60
51 40 54 27 24 47
18 33 34 42 14 20
03 52 50 44 35 13
55 51 43 49 31 28
57 24 15 31 16 32
16 29 27 42 35 38
44 05 11 01 18 45
15 38 31 01 36 44
07 29 24 32 06 01
21 24 18 02 30 52
01 30 24 02 34 60
12 14 45 40 37 47
18 35 07 46 17 23
30 23 31 56 26 08
30 17 03 13 36 23
17 22 01 40 21 28
35 39 42 03 22 40
49 08 39 02 13 28
22 03 53 33 29 58
55 57 53 28 26 35
42 05 27 19 14 26
03 44 12 15 23 60
31 43 51 28 12 10
58 40 16 53 36 11
23 38 44 19 28 30
47 53 08 32 12 22
23 29 51 33 17 53
06 02 11 48 03 45
35 30 60 44 33 53
03 40 01 34 45 35
59 05 30 39 16 40
44 37 22 17 50 07
23 38 09 40 59 36
14 27 20 03 31 12
18 28 05 01 58 46
31 03 09 57 20 36
03 01 18 40 06 21
30 44 16 36 12 04
40 41 55 23 25 07
12 47 03 54 08 27
12 22 05 09 24 49
54 16 36 48 53 01
37 23 19 45 01 35
53 16 09 46 28 15
01 55 17 42 30 08
18 53 60 54 02 08
05 12 36 48 09 34
47 31 22 36 14 27
03 50 16 36 12 22
37 03 07 53 02 24
31 45 26 07 23 60
22 18 14 07 12 21
37 27 44 50 49 47
20 48 08 27 44 02
27 50 48 41 40 34
59 52 14 40 18 10
34 24 39 22 09 52
51 52 48 04 25 16
41 25 30 12 54 42
16 33 44 40 12 01
21 07 53 10 14 24
59 40 54 42 36 49
16 26 40 09 07 21
37 21 35 52 05 06
33 26 09 24 59 36
21 07 41 30 01 13
23 53 07 44 20 52
51 40 06 20 34 31
46 52 31 16 05 26
41 11 01 60 03 06
51 01 49 14 50 53
51 58 24 09 45 07
10 21 26 03 40 44
21 06 39 18 34 01
55 23 09 30 42 59
44 04 15 37 05 24
56 29 44 15 03 53
42 07 19 52 02 24
46 18 08 02 48 28
41 32 46 07 49 60
12 59 19 36 14 53
42 12 51 50 14 02
40 25 51 32 09 49
42 40 54 58 34 51
44 49 42 37 11 51
28 55 11 44 35 22
49 27 16 07 53 43
05 07 18 32 34 48
24 35 34 32 27 08
51 01 42 16 57 36
40 44 16 28 42 54
60 35 05 38 14 23
15 09 18 02 27 03
16 52 11 05 41 09
58 01 12 19 05 18
13 01 36 35 17 06
52 10 44 24 53 34
45 46 49 03 18 30
59 53 24 37 19 06
41 09 05 52 24 14
05 36 32 23 17 12
42 30 29 18 28 23
22 42 08 05 24 21
23 20 28 32 16 31
28 24 57 20 36 37
26 02 35 51 01 28
13 30 52 18 43 53
02 08 10 37 54 48
48 05 53 52 23 33
49 03 08 09 31 59
42 51 47 23 45 41
21 18 08 28 06 23
35 49 38 18 24 52
02 58 28 52 48 23
34 16 19 47 10 36
03 11 52 10 26 18
50 38 12 52 08 49
10 33 22 37 32 53
36 53 08 41 11 50
26 42 54 51 29 30
37 16 23 09 39 08
18 07 52 45 01 14
46 09 03 42 47 33
40 05 15 44 12 01
13 18 44 24 23 07
19 30 16 52 36 05
32 58 49 01 48 35
41 04 59 49 47 08
20 01 33 35 07 23
59 42 52 48 28 08
42 09 02 16 53 11
30 40 22 14 35 18
19 47 13 01 07 44
41 59 43 23 36 29
52 09 13 47 42 33
35 33 48 04 29 23
47 51 35 58 28 16
31 22 47 60 19 30
02 42 32 27 38 01
16 05 43 52 39 53
40 16 06 42 47 50
45 01 24 29 26 23
32 24 48 23 44 16
22 03 34 48 33 41
40 41 49 45 34 03
28 17 09 05 34 27
34 43 16 51 09 45
35 01 24 43 37 18
29 52 44 05 04 09
49 05 35 57 22 12
22 08 16 50 42 57
25 34 59 49 07 51
10 49 54 16 14 24
26 27 49 24 06 11
03 46 52 05 30 36
28 35 09 30 45 56
54 55 07 44 34 26
38 42 34 54 01 06
56 02 40 41 36 21
38 29 57 06 01 40
57 48 20 14 47 52
15 08 54 41 28 23
59 24 15 52 35 16
01 17 56 29 24 14
39 07 09 26 44 50
47 35 60 22 28 17
56 23 37 18 58 08
39 40 16 12 29 23
39 12 10 08 49 32
57 28 21 06 05 47
20 05 44 26 49 54
29 20 03 26 57 51
30 38 04 37 36 03
58 14 51 42 37 02
33 30 14 48 16 07
40 08 11 51 04 35
01 24 07 12 57 49
34 23 16 45 53 06
40 45 53 44 43 24
26 28 21 34 53 60
17 15 14 51 09 02
29 40 52 49 50 38
50 22 07 24 53 14
09 24 40 11 34 07
28 51 35 07 32 48
52 07 23 26 28 47
56 07 14 28 02 05
39 41 53 36 40 07
52 03 29 50 48 59
30 21 35 28 48 04
59 16 55 07 32 22
54 26 40 30 09 05
42 11 34 44 51 35
50 52 35 33 02 40
29 54 38 41 40 48
06 12 27 47 41 16
12 48 49 45 44 24
31 48 32 39 49 47
21 32 54 51 06 49
08 16 53 10 11 26
08 20 55 22 07 12
15 23 26 47 16 60
18 37 10 39 31 32
46 30 28 35 52 41
34 43 07 18 25 44
14 33 01 47 43 29
59 26 16 06 39 24
17 56 09 52 49 18
52 12 32 57 30 55
43 52 49 18 44 20
31 32 48 59 26 30
08 35 45 40 30 26
34 29 18 52 19 11
44 53 08 42 33 59
37 26 40 05 28 23
05 26 01 51 52 25
40 23 15 36 35 02
44 48 28 01 57 52
34 22 58 60 24 44
01 04 60 03 42 37
03 37 35 33 51 01
47 54 26 35 44 36
10 53 43 22 41 31
38 18 30 24 26 31
37 13 30 03 31 19
18 22 24 14 02 50
53 44 49 29 17 56
07 14 39 26 49 48
29 53 57 19 48 31
41 45 52 22 47 54
41 44 50 36 45 37
48 59 51 52 40 50
57 60 09 26 24 53
26 39 59 09 05 02
48 28 53 18 03 55
42 49 28 52 21 10
08 39 32 23 41 13
02 08 01 36 52 31
35 01 24 20 26 57
14 16 60 40 42 54
34 22 01 60 06 09
48 05 29 37 34 56
04 14 36 32 44 01
51 50 40 35 17 01
36 53 08 58 05 22
03 02 39 40 18 27
21 47 49 04 35 09
50 01 36 40 45 16
09 35 11 12 37 17
08 34 49 44 46 27
59 44 12 02 41 09
29 17 22 05 40 42
32 35 57 44 07 21
28 45 06 09 23 60
19 52 55 51 28 05
42 56 02 08 01 43
47 04 06 48 22 41
51 26 09 34 05 23
57 44 29 22 30 15
04 44 59 31 35 07
30 02 51 49 32 14
44 28 27 40 25 14
29 18 50 51 10 02
23 05 12 56 29 31
59 40 24 51 01 31
45 02 52 48 13 06
52 26 18 23 19 59
32 59 18 30 33 52
31 23 52 24 07 15
33 59 03 44 31 53
36 37 47 53 01 12
26 42 02 55 40 51
29 41 51 18 04 03
15 29 01 32 53 54
46 41 49 53 34 33
51 42 55 47 17 12
29 36 54 06 40 49
23 60 02 18 49 59
24 41 19 31 26 49
16 23 10 06 04 52
48 53 42 05 21 02
15 23 51 48 08 28
10 02 08 03 16 46
47 07 51 57 29 02
09 06 27 52 08 10
36 12 43 18 41 29
30 49 59 48 14 57
51 55 07 14 24 43
26 55 50 49 36 52
52 19 40 20 14 22
41 09 06 55 29 19
40 41 02 24 49 58
05 47 19 12 06 26
07 46 42 52 31 58
24 30 07 42 39 44
32 47 56 40 16 39
48 14 47 08 33 15
37 05 41 01 36 30
04 28 42 19 37 44
52 36 49 02 37 23
24 01 42 07 46 43
28 21 14 15 48 30
29 58 44 32 28 03
18 36 22 33 32 34
57 01 35 51 44 36
01 49 41 12 13 10
49 23 58 15 48 08
42 60 29 15 35 06
42 38 19 29 41 26
33 31 58 01 09 40
01 54 12 07 56 02
06 21 30 55 32 16
41 36 52 06 12 53
57 26 39 08 02 28
58 32 45 26 51 02
49 52 10 14 34 40
42 03 52 01 09 54
23 02 20 15 49 16
29 12 09 49 14 48
53 12 29 35 60 47
04 52 41 16 09 06
44 32 23 52 06 58
35 52 28 09 29 43
36 48 54 03 56 47
37 40 53 47 19 30
58 47 08 54 14 22
05 44 37 41 53 28
41 11 19 28 07 29
34 45 42 12 27 49
09 18 05 42 04 21
15 12 26 37 31 39
51 12 19 30 18 32
34 40 41 46 12 26
49 26 41 50 48 24
18 10 02 48 37 35
16 24 29 25 43 41
19 25 23 48 53 30
06 42 02 27 48 08
19 22 32 53 17 29
54 52 43 40 41 44
43 03 07 51 34 29
30 26 19 40 17 18
60 16 23 55 48 22
47 16 54 34 32 14
18 28 08 55 47 13
53 40 28 41 13 54
39 06 10 18 36 22
18 45 02 26 24 28
15 51 05 42 23 50
43 35 07 40 38 41
02 52 22 29 14 48
02 56 18 30 50 34
23 43 48 49 29 03
14 52 16 56 06 03
41 11 06 51 35 10
28 44 18 23 15 07
14 39 44 25 47 48
03 53 24 41 60 14
46 24 23 42 41 21
38 26 05 29 03 40
01 18 53 60 57 40
02 40 23 26 22 30
52 16 03 08 34 04
14 46 11 24 44 53
44 29 55 53 49 54
06 52 53 21 42 49
07 41 17 42 19 53
01 47 07 48 33 14
35 45 30 24 19 26
32 01 49 11 31 29
41 44 14 60 12 37
10 02 39 06 31 12
16 28 37 30 55 17
16 46 53 12 41 24
18 16 13 24 12 29
52 32 42 16 39 41
04 07 25 09 29 31
18 34 16 15 28 01
34 36 17 56 14 49
24 39 40 17 30 35
41 15 42 55 08 49
31 42 38 06 09 59
06 04 48 37 02 15
31 01 18 15 29 58
36 32 43 45 22 37
03 17 16 09 05 25
52 55 60 31 29 06
01 43 08 53 48 31
33 16 08 60 30 29
29 03 06 02 20 48
03 22 10 06 60 52
05 53 24 40 22 10
16 24 53 18 34 51
40 02 21 04 32 53
46 31 26 53 41 57
29 34 42 53 55 22
56 12 04 40 29 48
42 18 44 43 32 58
41 31 26 09 23 57
02 42 31 16 53 26
24 34 01 60 31 21
06 12 40 46 60 30
15 06 26 48 53 57
56 02 05 32 11 18
07 30 14 38 18 17
28 51 12 11 20 44
03 02 15 40 46 48
18 50 16 44 48 51
26 22 27 12 39 34
03 16 19 22 11 08
30 49 20 16 37 25
26 01 16 59 24 09
09 45 01 59 41 03
32 02 44 14 36 47
23 41 13 04 08 47
01 55 47 08 10 36
07 03 27 49 41 44
04 42 01 48 40 60
17 48 49 07 33 14
59 04 34 23 35 26
16 01 10 53 08 29
27 08 60 05 34 52
52 02 50 07 10 06
27 47 12 52 03 29
03 42 05 37 57 22
35 57 44 49 59 52
04 52 14 54 08 02
24 13 14 37 21 35
37 08 22 59 52 30
01 41 49 06 39 36
56 32 15 06 16 07
51 34 39 49 14 25
54 29 49 23 27 07
06 45 12 13 31 34
31 60 03 46 49 29
52 08 57 18 40 19
15 32 51 36 12 21
38 32 58 47 14 28
26 25 49 40 28 55
40 53 14 59 47 19
39 09 04 48 41 30
14 47 18 51 36 10
34 49 54 12 44 15
55 42 49 36 31 33
31 08 32 36 51 02
29 41 55 44 23 01
09 47 51 37 32 17
24 39 41 12 46 06
36 24 31 40 43 42
53 36 47 29 37 17
03 41 24 09 46 21
11 22 47 49 20 05
33 09 51 02 25 37
15 30 16 18 29 23
12 18 05 17 57 51
47 28 53 14 18 42
22 52 32 31 03 02
13 53 48 44 55 23
26 06 22 05 54 41
06 44 27 26 25 23
49 40 37 33 04 32
01 56 52 40 53 20
36 48 42 38 08 01
24 29 46 12 09 31
35 50 51 32 08 58
39 15 18 12 02 34
46 02 16 44 07 05
40 45 23 30 38 32
15 16 30 37 41 29
10 26 17 23 53 40
53 39 30 51 24 40
32 28 58 11 16 52
57 36 13 03 30 41
03 29 32 14 17 58
42 02 47 41 09 35
31 43 52 09 12 17
29 18 42 46 58 23
44 29 52 10 20 30
20 02 35 29 46 44
14 42 44 24 33 04
07 09 53 49 29 02
41 10 58 36 30 40
42 17 12 09 19 53
53 07 14 37 18 13
40 44 12 16 54 47
41 10 16 06 39 36
06 41 04 20 30 31
03 29 47 08 46 59
52 14 48 57 15 18
20 09 21 24 06 42
16 58 41 48 50 06
58 29 42 36 08 50
60 24 49 47 52 10
14 41 33 39 34 01
23 53 15 30 02 45
32 39 50 44 26 52
07 19 36 51 24 29
15 32 26 23 59 07
03 44 05 31 24 15
55 01 14 09 49 50
48 25 32 52 12 28
09 17 47 39 41 22
38 16 35 12 42 07
03 39 35 41 37 26
34 37 33 45 03 26
32 54 42 30 08 13
57 22 14 18 16 09
37 18 33 60 32 14
32 27 08 44 48 60
12 56 47 60 30 28
11 45 28 02 30 18
16 50 02 29 12 04
42 09 37 06 40 60
52 22 08 03 26 40
19 49 04 31 51 16
34 35 36 56 02 42
01 40 19 02 17 26
13 35 28 60 40 29
01 09 28 51 31 25
22 21 07 06 47 26
41 33 37 12 39 26
28 27 45 12 49 14
20 09 26 41 28 15
47 51 02 08 18 36
37 02 27 09 56 48
36 24 22 07 37 03
60 03 48 33 22 05
35 19 53 23 41 06
41 35 40 52 26 22
46 41 57 07 16 36
16 31 47 01 20 57
35 48 52 14 33 21
16 06 40 21 32 19
38 26 45 37 01 18
39 52 19 37 36 16
14 18 03 11 24 47
51 26 28 07 04 44
15 14 53 08 20 48
42 10 18 44 33 34
19 01 53 55 48 35
25 21 02 12 24 30
09 32 37 25 56 16
05 46 16 44 10 24
40 54 03 26 29 05
53 40 35 29 58 39
39 24 48 01 41 35
57 16 32 60 26 02
51 30 19 16 23 58
30 43 01 08 48 40
11 18 40 13 09 31
41 35 01 20 08 25
49 35 40 47 07 46
13 30 05 41 19 35
04 16 19 26 35 52
53 42 14 57 37 45
20 16 55 07 53 14
16 19 60 14 42 07
14 57 10 48 06 34
59 06 30 29 48 58
52 54 58 12 03 29
10 23 43 47 18 08
36 26 40 44 53 20
19 42 17 47 36 26
11 24 35 05 02 47
18 38 20 12 09 08
01 17 42 47 35 33
54 12 03 44 35 26
09 27 08 18 55 47
59 07 28 32 58 37
18 12 37 05 01 34
49 40 05 55 39 12
15 03 01 06 60 26
12 56 49 59 29 34
16 19 22 60 18 03
42 53 11 55 24 06
06 03 07 05 37 50
48 44 20 23 29 32
50 34 21 06 52 24
03 48 31 37 15 46
19 15 14 44 06 22
53 49 09 07 15 33
59 08 23 24 05 43
48 41 59 12 51 49
45 33 30 14 28 36
05 42 56 16 40 55
42 16 46 29 43 32
15 31 37 23 33 47
28 53 59 58 23 30
26 14 39 08 20 12
03 14 16 21 48 46
12 41 54 09 51 37
56 10 40 05 30 31
14 17 29 07 40 19
48 18 33 28 57 23
08 42 10 31 02 14
23 21 28 02 58 48
09 40 50 22 36 10
07 19 39 06 18 16
41 37 42 44 24 33
40 30 42 01 46 58
12 43 55 06 47 08
40 36 47 15 48 20
10 22 39 01 40 14
49 23 12 19 52 22
23 17 39 02 32 26
03 16 22 28 60 23
34 53 23 42 54 36
08 20 48 52 59 22
23 40 59 08 39 41
36 51 42 03 40 15
56 31 35 30 24 20
14 21 06 03 07 01
48 32 35 30 10 37
45 02 59 41 31 14
36 47 40 16 19 53
42 44 37 57 40 38
23 34 06 50 33 12
01 47 49 07 56 45
36 38 08 24 57 18
58 34 41 49 18 32
37 22 02 14 33 28
45 37 01 19 48 51
14 09 35 49 33 59
01 57 36 21 16 40
30 03 57 42 45 05
02 22 50 35 12 44
24 58 48 51 59 28
28 32 03 48 12 11
35 05 29 31 33 46
37 08 60 26 29 07
36 32 25 05 27 41
37 11 08 40 24 31
26 50 53 57 52 37
05 50 51 32 07 29
20 14 59 03 36 02
44 47 43 54 16 30
24 19 08 34 60 28
07 12 08 36 26 35
07 05 01 31 34 18
60 55 42 18 08 52
27 29 03 36 24 16
59 16 53 35 11 08
38 49 21 44 34 28
36 31 29 01 20 19
14 07 48 27 29 25
29 18 50 11 42 01
40 42 08 05 46 03
25 06 40 29 33 41
49 20 39 40 16 30
15 49 40 47 05 17
54 49 58 26 34 29
02 06 60 28 18 11
34 17 23 18 21 24
40 29 50 33 49 07
12 28 10 53 07 03
54 31 42 34 40 01
29 44 45 31 33 12
22 43 35 06 05 20
53 03 47 44 25 10
03 02 43 27 42 29
51 14 27 29 50 24
56 20 01 03 52 07
31 17 03 08 18 39
52 01 17 18 21 41
29 57 31 08 54 18
20 46 03 28 30 40
17 47 60 28 18 16
48 07 38 12 44 42
18 02 34 09 14 19
45 13 14 06 12 52
05 23 30 47 31 39
45 44 16 42 04 24
31 41 05 18 23 25
18 35 09 49 19 52
25 51 16 08 42 55
02 22 42 40 03 50
46 20 02 06 52 05
31 42 07 57 10 14
41 35 46 26 25 44
44 49 02 42 39 45
42 25 51 23 12 41
35 42 41 47 15 05
06 03 41 48 20 37
47 44 30 01 46 33
53 47 28 31 59 22
20 07 25 36 24 41
30 18 07 04 24 44
31 20 51 05 48 57
13 24 12 34 27 09
42 27 30 23 25 02
08 42 24 37 06 01
29 31 46 24 44 45
23 29 15 57 09 03
02 30 51 24 21 36
09 43 24 22 60 41
51 34 20 37 11 26
11 35 42 45 16 36
49 40 27 23 01 37
23 28 07 52 39 16
35 07 57 48 39 36
24 34 06 22 07 48
04 34 32 12 49 41
08 16 34 40 06 07
09 31 47 15 48 24
28 47 49 08 16 13
48 01 02 22 41 59
21 09 25 07 08 41
01 44 51 57 06 02
02 22 09 16 55 37
02 52 51 41 25 37
32 36 12 27 60 16
03 31 20 56 42 44
44 32 28 09 53 10
31 42 06 51 07 57
07 01 26 57 28 37
22 02 55 54 30 24
24 29 48 18 23 37
42 30 52 07 17 14
07 18 51 32 04 16
34 18 26 22 19 08
35 28 54 29 37 33
41 35 06 54 42 15
05 15 56 12 01 41
55 07 35 08 06 24
14 27 38 06 28 41
12 32 53 48 10 25
29 36 20 57 18 14
32 26 42 09 19 58
45 01 05 48 42 54
02 41 60 42 53 29
25 07 11 40 31 35
31 10 29 24 42 59
01 22 44 14 60 40
29 03 24 27 01 13
05 04 21 35 36 41
49 15 44 30 32 59
34 18 36 33 44 57
34 27 07 16 20 24
17 49 14 34 24 48
29 41 21 35 11 44
10 44 12 01 07 45
01 11 32 43 35 22
47 48 22 25 52 55
30 42 05 02 26 35
21 08 20 29 06 09
05 48 24 35 50 12
45 02 43 23 34 41
31 26 52 45 18 25
36 55 07 40 08 26
17 14 16 28 48 44
22 60 12 03 06 55
34 36 52 47 32 45
41 53 05 14 43 34
40 56 08 37 06 27
16 36 43 03 32 35
24 60 37 01 36 31
09 40 06 23 22 20
07 50 28 27 30 52
07 13 14 12 29 31
28 01 42 34 41 03
44 18 57 06 49 46
06 16 53 02 09 45
20 32 18 15 41 09
05 37 35 09 20 27
47 05 16 10 36 53
27 09 22 53 20 06
12 40 41 46 55 02
11 51 47 57 18 09
01 18 44 40 51 20
07 22 28 19 45 40
12 16 50 13 06 41
27 57 35 06 52 36
31 23 42 50 30 51
18 49 07 03 02 15
05 18 31 15 35 09
36 33 47 24 21 41
03 35 21 39 52 16
40 02 21 19 24 32
29 28 02 59 14 20
37 28 26 48 22 60
21 32 47 53 11 37
34 48 55 20 02 52
50 12 37 52 48 33
41 30 50 39 48 12
53 11 34 51 37 39
08 34 35 47 40 13
23 48 26 19 58 44
33 53 42 43 40 06
08 48 47 11 02 46
08 59 35 17 30 49
51 53 40 32 44 36
32 24 42 48 21 47
38 37 40 12 58 32
53 56 16 09 02 07
51 04 36 31 09 32
07 09 60 32 51 33
51 41 42 12 01 35
12 14 19 16 36 13
32 03 19 60 40 37
59 48 42 23 28 20
44 17 57 03 09 51
34 52 49 08 45 02
34 54 40 03 27 51
34 16 48 43 58 01
37 47 03 42 30 53
17 24 23 31 12 32
48 53 55 28 46 12
20 44 02 31 29 45
57 42 16 60 37 03
03 24 16 51 02 48
02 42 06 52 20 35
54 49 31 52 43 24
40 45 38 12 41 01
14 16 42 59 52 58
03 32 49 47 18 42
08 57 03 24 35 02
49 29 41 51 05 21
47 40 56 48 05 10
23 53 41 60 22 45
16 44 49 35 22 03
39 18 49 03 24 53
53 10 07 13 49 26
29 46 18 31 16 35
42 31 29 36 28 44
59 04 41 22 31 07
59 09 26 32 54 40
31 32 08 19 43 52
08 06 20 56 14 37
04 37 17 02 52 42
57 05 16 02 46 29
52 40 12 23 06 07
52 43 53 58 35 37
54 18 30 08 20 32
11 01 16 44 23 45
19 42 49 35 23 08
31 47 25 32 06 49
08 31 06 48 54 59
03 49 18 23 32 10
29 05 60 18 02 38
01 27 41 16 22 02
12 28 35 14 49 52
24 01 36 14 55 37
03 32 42 43 36 52
14 36 27 51 60 03
50 11 42 22 52 23
46 49 18 28 37 43
30 49 50 12 19 23
35 19 04 37 48 49
48 23 09 35 27 08
41 55 51 52 49 15
49 48 09 34 46 08
39 09 08 54 36 03
06 19 40 10 36 02
16 41 51 31 10 06
47 42 08 03 51 52
01 18 53 08 13 11
46 12 40 32 31 49
15 37 34 25 53 49
10 32 08 26 03 14
26 41 10 40 32 19
11 52 29 10 53 03
60 03 08 09 40 52
51 01 25 30 35 08
50 23 08 36 31 53
29 23 40 47 50 46
33 12 02 42 37 15
07 01 46 58 48 31
49 41 28 52 47 14
37 26 59 32 06 27
14 49 07 16 40 31
04 06 19 34 44 24
57 26 42 31 32 01
23 13 29 01 21 28
32 08 38 06 05 01
50 09 41 02 27 16
22 17 55 03 47 06
40 35 17 59 47 31
42 28 50 54 30 29
30 24 40 43 44 38
55 45 08 53 26 49
58 34 05 35 16 50
15 37 05 09 44 52
42 36 05 33 53 56
53 41 19 14 01 21
08 25 14 55 24 05
32 42 52 02 41 37
01 29 37 28 16 40
39 43 14 52 31 09
10 18 26 48 39 28
34 29 49 21 40 26
38 06 28 44 49 18
36 22 50 37 57 12
49 48 35 60 53 47
30 25 16 08 34 24
08 01 38 28 58 23
38 36 57 32 37 07
15 29 31 37 33 47
37 05 47 22 33 18
53 55 03 02 16 56
07 35 59 43 14 22
28 05 38 21 32 23
28 31 44 14 15 59
18 41 15 36 16 05
22 28 39 14 27 26
34 14 47 35 27 53
01 29 41 06 60 46
40 38 36 47 37 31
01 03 41 50 53 12
49 38 45 40 03 42
31 14 11 44 13 08
49 30 57 29 36 05
05 18 06 44 33 04
11 09 57 16 08 29
29 05 09 51 57 48
03 55 24 23 21 40
23 20 50 01 44 06
05 49 53 28 30 38
32 09 30 58 16 48
31 15 16 05 51 50
24 28 41 46 42 30
12 47 21 01 31 45
44 25 29 43 32 24
03 08 57 01 51 55
47 12 50 08 45 29
05 51 44 01 28 35
42 23 39 08 34 22
20 43 48 42 18 44
54 53 35 34 12 50
44 03 53 11 50 32
55 44 40 26 09 20
03 13 52 18 28 33
07 31 26 57 52 60
12 23 15 07 44 57
08 53 09 45 48 46
28 49 32 12 04 23
47 17 20 07 34 48
55 10 24 49 26 53
31 05 54 51 53 03
05 24 44 33 37 36
42 26 40 33 04 18
38 28 52 17 02 03
31 53 03 12 19 47
30 20 28 11 32 52
54 41 09 48 50 06
12 29 05 07 36 30
19 54 14 31 51 37
24 39 47 48 25 51
06 03 53 26 42 28
16 07 23 21 58 32
09 55 41 32 49 04
41 44 53 37 48 49
46 36 05 02 33 35
36 03 18 44 09 35
40 41 13 18 07 50
08 43 07 44 35 13
47 15 18 30 39 01
46 60 29 02 47 49
35 03 10 56 29 41
55 40 29 48 52 19
37 19 35 40 30 11
08 53 03 07 37 33
49 56 03 27 28 40
50 30 48 37 35 38
22 31 12 07 15 21
25 32 01 06 37 34
07 30 59 32 26 23
06 20 01 53 28 39
48 39 16 19 05 22
12 28 46 06 49 10
26 12 06 04 38 03
04 30 05 42 21 34
01 34 16 58 57 05
42 01 44 15 54 36
37 26 01 41 35 57
35 14 34 24 40 55
37 31 20 51 55 40
26 49 34 55 24 11
08 47 44 24 05 22
37 06 59 05 14 02
13 53 28 30 48 49
55 36 50 42 02 01
22 47 19 11 03 26
57 51 41 42 30 01
23 17 32 31 49 48
28 41 22 49 10 24
08 41 51 16 11 34
06 52 37 16 23 44
52 03 44 46 28 14
25 09 37 49 03 35
51 28 29 48 45 33
51 31 14 39 11 16
16 01 28 29 55 31
07 52 49 47 54 10
18 14 35 31 44 29
38 53 40 37 31 59
05 21 24 35 60 51
14 56 35 09 34 57
28 02 51 35 27 40
22 25 03 24 12 23
54 12 42 45 47 07
06 15 22 37 18 08
35 33 30 06 31 14
32 54 45 42 53 44
40 29 03 11 08 22
06 41 19 53 22 15
30 33 31 44 59 16
29 22 23 03 17 39
43 32 48 35 49 03
31 20 03 44 51 02
19 26 52 34 41 56
15 05 28 48 42 52
29 36 34 07 48 59
22 48 29 20 44 08
30 37 12 04 60 35
44 53 56 18 16 12
06 26 11 37 04 24
09 08 33 48 23 05
29 10 08 51 48 55
09 32 36 08 02 04
34 26 19 07 35 25
31 17 30 57 40 51
42 47 36 33 30 01
41 53 08 58 32 05
14 50 29 08 25 35
51 32 42 47 11 01
52 29 03 32 26 55
09 24 05 25 45 16
18 47 21 40 60 22
36 10 40 02 15 22
03 07 54 40 43 18
02 59 18 24 38 09
45 09 08 40 34 55
44 22 26 06 15 43
25 30 09 48 34 40
47 44 03 28 55 15
04 57 30 18 40 02
34 43 50 41 18 52
49 24 11 34 14 55
57 03 25 36 29 51
39 41 34 03 28 35
11 26 44 23 38 06
25 48 26 29 03 47
08 37 49 30 04 17
18 26 28 13 20 08
52 24 31 29 36 05
38 52 06 31 05 10
44 28 57 23 14 09
47 23 25 19 51 18
49 09 44 53 35 41
06 44 09 57 11 30
55 53 28 11 42 40
24 37 49 58 31 17
38 26 07 05 02 59
34 42 04 07 05 16
37 21 52 55 01 02
29 52 46 03 21 41
05 30 43 16 04 14
22 52 55 49 32 27
49 12 37 53 44 04
12 03 42 06 04 24
09 35 19 28 06 40
04 44 22 26 08 39
14 18 45 44 58 06
34 49 01 15 50 35
02 07 47 42 14 01
05 03 21 35 10 48
03 40 42 35 27 26
37 08 24 17 43 16
19 34 41 13 23 06
26 60 23 05 53 28
32 42 06 31 50 37
47 41 53 04 44 39
24 59 05 49 34 36
04 40 09 18 59 41
03 57 24 32 19 49
29 27 57 26 18 49
02 58 22 53 23 28
26 53 32 54 10 05
09 02 28 18 46 11
52 34 30 10 20 37
16 37 31 09 24 47
57 26 23 18 04 32
60 08 06 24 26 42
44 30 57 14 26 35
07 46 41 58 02 32
52 03 50 59 42 40
49 47 44 24 45 53
20 15 53 03 48 31
43 29 31 23 02 04
43 41 28 57 07 47
43 42 47 01 28 36
15 42 31 57 16 51
13 45 44 28 37 36
31 60 34 45 07 14
36 08 41 22 17 47
44 23 32 14 39 33
07 54 48 30 26 10
51 50 14 15 24 37
52 53 60 34 14 11
27 45 47 52 16 41
02 58 24 37 49 14
19 28 31 57 23 32
18 15 34 55 47 05
36 42 33 12 30 39
32 29 14 46 42 49
15 30 14 26 03 05
35 09 43 26 49 06
24 16 49 03 15 06
08 22 01 39 19 18
16 50 48 25 53 07
48 11 41 32 55 03
43 47 29 48 60 05
41 07 35 36 22 55
12 08 05 51 04 17
06 24 34 17 53 25
59 24 36 37 41 60
58 10 44 08 24 37
27 03 28 02 09 53
52 31 41 36 27 59
10 31 21 51 52 28
31 16 14 52 21 22
48 38 47 08 06 26
07 14 05 59 24 32
22 55 54 41 18 29
30 44 07 43 20 09
52 26 28 09 47 30
33 51 37 49 15 26
57 42 17 22 49 24
16 07 28 48 42 26
45 55 03 49 16 24
09 45 37 34 26 46
49 07 12 28 11 52
37 29 56 32 49 34
07 41 48 34 08 20
40 39 09 23 15 12
41 49 18 45 54 01
06 29 16 19 45 05
52 20 50 06 29 41
35 48 30 28 43 08
44 37 23 03 51 48
37 19 24 04 07 26
37 28 16 14 10 35
60 30 15 52 41 22
47 05 15 09 31 36
36 22 52 60 02 26
51 55 34 30 37 18
07 09 25 27 03 26
35 03 41 29 60 27
35 09 05 19 15 23
49 02 31 23 48 15
32 34 02 31 19 01
27 15 53 16 02 40
02 14 31 51 42 10
14 59 32 09 55 16
16 32 14 19 54 02
52 42 34 29 10 60
27 59 44 26 07 30
35 58 24 08 17 12
37 28 30 56 41 17
52 05 34 42 06 13
52 11 40 47 41 04
12 51 49 30 06 45
33 05 51 03 37 27
11 14 01 16 22 31
22 28 42 21 18 11
43 48 06 35 54 23
35 22 11 31 17 23
55 56 06 24 01 14
51 33 45 47 52 29
54 59 30 28 31 37
02 08 56 25 42 24
41 12 46 02 24 37
42 49 31 55 25 29
24 06 01 34 56 32
03 53 50 42 34 41
39 31 36 40 03 34
37 38 34 35 08 58
52 32 02 60 42 38
11 47 29 14 08 45
40 28 35 41 45 48
53 56 05 32 11 08
05 39 41 02 51 23
45 24 34 52 55 30
33 42 16 09 48 47
30 43 47 34 33 49
32 10 06 34 01 47
53 59 47 05 48 08
06 48 45 28 53 41
31 08 24 47 05 15
44 36 07 41 05 42
36 23 53 58 38 41
24 51 23 52 08 57
52 53 34 32 08 26
03 24 30 05 01 55
16 42 40 12 59 33
37 45 08 39 36 05
29 07 31 48 40 41
29 56 59 47 02 28
26 53 03 09 54 07
24 19 09 14 25 48
31 15 12 29 25 42
17 40 36 15 53 41
19 26 03 53 34 33
25 39 42 01 40 37
51 05 41 04 45 36
24 44 43 29 18 42
32 35 23 48 17 36
12 43 44 24 57 06
29 02 25 12 23 37
06 16 07 40 48 30
19 06 07 32 05 28
52 49 32 50 38 37
47 12 20 43 30 18
42 20 30 25 31 37
14 18 05 28 37 44
49 51 05 37 42 43
13 12 42 29 44 09
51 28 47 40 03 39
35 16 23 54 49 56
24 34 37 12 42 02
58 38 42 30 01 35
08 50 47 38 49 34
19 51 18 43 06 31
51 52 08 28 53 36
03 28 32 23 02 31
01 37 43 23 31 45
40 21 42 51 07 29
22 03 09 57 20 41
56 06 52 45 53 14
49 50 43 01 22 44
18 38 26 05 07 21
14 57 36 09 19 07
21 17 52 03 26 14
31 40 14 23 33 08
60 26 42 58 30 35
17 31 47 33 32 16
35 44 10 26 14 54
16 20 40 60 44 31
05 57 42 12 34 37
29 08 16 14 18 60
02 57 28 52 16 26
14 25 42 39 22 48
07 42 45 46 52 12
41 44 32 42 17 46
59 37 31 39 34 53
07 31 45 30 23 26
37 35 49 32 31 01
04 43 12 32 06 53
06 05 45 28 31 41
41 28 55 37 46 34
42 29 31 49 24 34
34 18 10 24 41 06
01 12 51 52 54 37
41 56 57 36 28 24
26 56 47 30 04 34
28 24 56 36 44 16
45 32 18 24 49 39
34 23 48 52 14 60
34 22 45 23 26 55
28 23 35 44 19 26
41 53 16 47 37 17
30 42 53 04 11 26
07 53 24 47 25 14
06 53 30 56 45 09
56 08 18 14 33 40
59 16 33 51 18 37
36 49 18 20 44 35
50 26 33 12 47 41
54 18 25 16 44 32
35 49 23 08 36 19
09 57 28 52 19 48
60 26 30 55 06 31
03 04 42 07 02 51
07 40 08 20 29 46
41 08 06 21 37 30
45 43 34 08 53 51
28 16 22 18 30 19
14 52 42 08 34 41
39 46 02 09 06 23
09 24 42 40 14 15
36 38 41 60 05 28
37 36 19 01 08 59
37 24 11 01 03 07
31 05 44 01 04 45
02 26 53 11 47 49
55 11 48 01 05 16
46 15 49 30 05 26
48 11 37 16 39 51
60 30 41 37 05 31
52 15 30 43 42 01
52 43 26 12 48 38
41 36 25 09 31 51
51 07 10 14 55 37
23 46 39 34 31 49
11 29 50 32 01 35
55 07 40 28 20 31
32 08 10 05 55 42
41 37 07 18 23 13
37 13 48 23 06 60
40 34 26 53 28 24
16 25 03 32 14 59
37 08 14 24 50 57
22 29 03 14 40 39
04 27 35 01 26 12
20 16 35 46 42 07
37 31 01 35 17 53
37 42 39 18 36 58
51 01 44 23 47 02
14 07 58 28 39 03
42 53 47 12 23 31
53 23 08 09 39 37
07 45 31 39 37 32
29 31 21 22 33 53
26 27 07 33 12 44
52 35 56 21 49 03
11 35 08 44 41 01
26 20 48 32 49 13
43 25 31 32 37 12
02 03 14 60 43 01
36 39 01 05 55 02
07 47 55 56 08 06
19 18 08 06 14 31
57 14 42 12 08 09
09 36 37 20 48 56
16 07 45 12 14 42
48 36 42 23 03 35
40 05 45 49 43 24
26 51 50 03 28 07
15 55 18 30 01 02
34 41 45 52 14 43
26 44 32 20 03 58
14 24 06 10 44 45
54 02 51 26 31 48
27 06 32 29 15 44
16 47 39 51 29 03
18 45 03 49 30 15
60 28 22 31 59 44
31 35 02 60 37 52
11 22 57 02 28 41
05 21 18 52 42 55
60 20 52 32 31 42
01 48 59 51 18 47
03 53 32 51 39 10
40 53 45 59 08 12
03 44 09 40 12 05
58 22 27 49 44 40
02 13 42 25 36 09
16 30 03 55 01 15
45 46 16 12 14 03
41 26 18 60 09 02
30 26 28 27 05 03
49 20 28 36 52 41
49 41 33 26 25 53
21 11 26 02 12 49
19 38 08 05 37 53
13 26 40 55 30 08
49 01 32 02 12 38
10 23 29 32 34 53
46 18 42 48 11 30
07 28 21 12 01 58
41 19 52 51 06 09
04 41 16 26 28 33
07 29 23 14 35 09
40 28 18 26 54 12
29 22 02 36 37 26
57 02 12 35 37 42
33 54 47 41 01 44
22 19 33 06 47 36
25 03 18 26 37 04
49 07 46 59 47 03
30 29 16 14 03 18
13 57 26 41 23 14
37 52 35 12 24 25
03 55 16 56 42 29
02 31 32 44 06 60
05 08 15 57 18 30
39 49 32 41 14 16
40 39 52 54 22 24
31 52 49 02 16 21
41 39 12 22 16 30
09 40 05 52 58 22
02 30 60 51 43 14
60 44 16 29 07 31
11 28 42 47 36 54
05 48 51 40 59 35
41 45 12 42 53 44
55 35 02 34 37 53
08 49 40 31 20 16
39 18 59 03 16 08
29 14 11 31 37 07
33 43 16 08 03 09
05 07 22 11 41 14
42 29 56 18 37 33
53 18 26 13 07 54
18 31 02 53 48 47
17 23 47 43 24 09
08 34 47 24 16 25
49 41 26 55 09 40
41 08 50 12 38 18
31 01 15 44 09 24
55 44 48 14 30 01
34 54 09 26 10 31
06 38 01 48 40 04
29 28 57 47 04 37
01 04 30 36 32 02
10 46 08 40 32 18
49 14 26 44 32 06
26 09 02 47 58 50
24 33 53 57 06 22
24 37 12 28 55 43
55 14 23 05 54 48
24 34 46 42 01 57
23 31 04 36 47 57
03 01 30 24 56 17
37 48 23 03 60 36
44 16 31 01 27 21
18 22 06 35 08 30
20 48 47 21 18 02
14 21 09 48 34 12
31 35 18 41 20 59
37 47 49 40 06 45
35 16 47 20 01 56
19 18 52 09 29 10
03 07 25 54 42 02
10 27 36 14 18 37
33 55 47 53 16 07
18 19 23 12 16 53
53 42 60 15 34 31
29 12 08 54 27 16
02 05 28 55 50 12
08 28 57 41 31 59
32 28 35 05 12 09
31 03 29 60 50 37
12 52 49 18 35 33
27 33 06 53 47 51
02 03 52 57 20 14
46 28 45 37 06 52
19 42 45 32 44 28
39 14 41 26 57 36
58 12 16 52 10 08
18 49 08 40 57 26
47 09 03 44 20 49
59 09 23 03 36 55
14 30 55 53 32 35
44 53 10 06 59 31
44 46 48 34 06 26
53 15 12 42 14 40
31 12 49 28 37 01
36 22 12 17 59 08
54 24 46 36 31 53
52 28 46 06 32 47
07 04 35 41 12 23
02 42 17 48 11 51
13 14 52 09 19 30
51 35 25 01 30 45
03 34 48 14 24 55
23 21 07 39 03 41
49 14 12 32 28 17
23 43 28 45 37 16
14 27 36 43 16 18
34 38 49 47 48 60
16 37 38 32 60 44
22 18 04 49 32 37
07 16 24 05 30 44
43 49 21 12 23 40
55 23 03 32 53 46
14 02 35 09 01 27
59 55 28 49 29 35
42 15 34 30 33 22
05 02 16 35 52 49
08 43 42 23 09 07
12 36 50 49 30 11
30 41 55 45 01 35
44 42 52 06 48 33
12 34 43 11 09 49
55 22 09 52 33 35
41 48 06 57 04 01
10 47 19 36 24 01
58 25 09 08 52 07
27 02 49 37 51 36
39 53 09 47 32 30
19 26 23 56 49 41
36 18 32 38 48 30
33 36 05 29 32 10
05 36 56 08 49 02
42 53 57 05 59 06
24 41 06 40 08 39
16 37 41 12 24 20
11 28 02 07 41 36
32 40 05 14 35 31
33 06 60 37 02 09
35 44 53 08 29 36
14 27 18 06 58 48
15 08 27 01 05 53
48 05 47 33 31 29
34 50 01 54 35 47
48 14 32 55 19 47
34 50 47 48 57 03
09 47 23 28 10 51
47 44 51 07 50 49
32 11 39 42 49 01
15 47 31 22 45 44
41 34 08 27 26 12
47 37 24 35 16 46
49 09 14 50 44 19
53 26 60 01 57 07
48 52 43 23 18 46
26 20 18 17 01 30
30 22 16 25 59 49
35 14 32 06 26 22
28 44 53 56 06 24
28 27 44 41 22 02
48 41 44 60 01 13
42 36 27 19 34 14
37 06 29 18 14 47
12 51 42 11 30 07
35 26 38 59 36 16
08 15 31 16 05 02
32 06 58 31 07 55
28 03 41 12 44 04
04 40 03 28 08 39
20 40 14 22 03 02
20 26 30 57 47 06
48 08 40 24 53 04
54 15 16 41 14 26
49 09 46 15 44 47
31 06 20 02 09 56
28 47 33 31 40 46
28 47 23 36 10 40
45 07 08 52 12 40
09 23 20 12 31 44
06 32 53 55 24 46
60 05 16 23 24 04
22 01 32 28 34 31
18 14 50 52 30 21
55 53 05 09 49 14
26 44 16 29 08 43
01 22 23 12 29 57
36 11 41 22 14 60
58 54 28 36 41 08
56 16 14 08 05 33
58 51 59 53 44 23
03 23 02 18 30 52
36 49 04 06 50 47
19 16 23 24 11 35
57 38 28 24 14 37
52 06 34 39 23 38
15 18 40 22 35 07
36 48 39 09 43 24
03 54 44 30 02 23
05 18 59 44 23 31
48 57 03 25 09 41
48 34 07 05 31 53
34 18 02 11 53 03
35 30 22 18 43 01
24 26 45 51 02 21
42 14 05 01 17 26
30 57 25 51 06 41
22 09 60 18 29 06
51 24 39 37 08 26
23 49 48 55 41 02
06 07 34 16 32 17
04 05 03 58 32 02
21 41 22 16 49 58
56 26 37 16 09 06
15 32 30 52 14 33
07 42 38 05 55 32
39 09 55 49 22 36
05 09 52 32 36 57
44 24 25 23 02 33
31 17 42 30 07 46
19 16 23 03 53 44
49 46 05 14 37 52
07 35 18 49 16 39
52 38 27 41 49 07
03 46 26 14 44 31
48 51 41 17 55 03
25 27 30 03 22 18
35 47 31 32 02 43
20 31 37 08 29 28
08 11 31 59 22 05
32 02 19 12 55 24
24 32 31 02 08 47
33 56 31 40 42 29
10 48 50 06 44 16
50 23 18 37 32 17
39 37 18 14 26 46
11 29 49 24 08 18
42 22 09 16 05 43
55 18 32 11 22 52
28 18 26 42 58 36
50 37 07 15 14 05
54 16 29 55 22 24
14 34 41 55 60 28
02 53 16 21 12 23
25 48 51 59 01 53
13 40 12 26 35 31
26 34 43 18 28 37
35 09 43 01 42 24
27 18 23 59 34 08
27 05 42 06 52 56
37 02 53 27 06 12
10 09 24 36 11 52
47 36 37 28 33 08
11 06 12 49 34 24
43 54 52 41 47 09
58 15 06 44 34 22
58 16 04 06 09 12
40 30 28 60 49 35
31 12 20 28 10 42
15 37 48 05 55 31
31 06 47 42 29 08
24 25 44 18 57 16
18 33 48 44 40 45
27 14 46 18 34 49
47 30 37 35 14 43
18 43 47 17 06 40
53 01 59 32 09 07
03 06 57 11 12 36
41 48 59 01 51 29
41 12 48 36 60 13
49 57 05 14 52 44
29 41 52 19 34 38
28 14 02 39 04 06
36 53 57 03 02 47
25 53 22 60 34 29
08 12 29 48 53 24
52 40 19 22 08 48
32 42 10 60 44 09
14 08 47 51 45 57
48 58 01 05 14 56
40 38 02 29 44 06
01 16 19 26 55 34
14 19 34 39 36 37
22 16 02 50 36 52
57 32 43 30 41 14
51 45 19 40 18 31
49 57 37 07 31 01
58 41 33 29 14 09
40 54 37 33 29 44
26 32 30 18 15 37
21 12 55 48 40 23
41 22 26 42 48 19
55 31 30 28 01 03
25 16 37 30 59 09
26 03 34 38 09 16
47 20 17 35 40 34
42 59 32 05 35 36
23 12 36 27 32 50
05 12 16 53 51 41
29 38 53 26 57 36
24 30 42 18 04 13
12 10 41 30 22 36
54 44 49 39 48 18
35 29 20 14 44 45
41 48 49 28 38 08
29 12 37 05 23 56
05 47 04 57 08 42
24 43 48 53 10 05
44 28 40 58 42 04
48 28 18 52 41 14
36 33 53 46 18 14
08 03 45 12 35 23
04 35 10 14 30 53
14 52 55 30 08 47
03 56 35 41 36 50
02 43 18 35 16 58
23 31 02 29 14 30
47 06 44 08 39 21
60 44 06 05 35 32
33 01 03 52 51 34
05 19 26 28 29 14
36 23 40 49 50 28
52 03 37 13 25 42
39 25 35 30 42 18
42 37 05 11 33 14
26 21 59 06 18 03
04 52 19 02 14 26
04 45 07 40 49 14
12 51 09 14 54 15
50 13 18 44 30 16
48 39 12 13 23 35
34 23 50 25 18 32
07 44 60 03 12 25
34 18 42 54 26 31
38 08 17 52 41 09
18 59 22 03 10 37
10 05 36 53 26 17
39 46 18 30 37 24
17 52 07 18 03 10
44 20 02 54 18 35
38 32 08 30 20 42
51 44 27 23 28 02
48 23 42 45 03 32
32 19 47 51 01 28
05 28 09 59 49 44
39 53 47 56 34 31
33 02 32 50 53 22
39 07 48 03 24 33
59 36 48 25 26 14
17 26 23 24 43 01
57 06 02 18 49 27
57 35 25 01 36 44
07 03 51 48 08 11
31 49 46 34 05 17
43 16 08 21 30 03
51 26 60 37 23 28
07 34 32 59 36 37
16 12 51 45 02 47
23 25 08 48 29 05
11 01 13 28 37 09
42 08 05 22 39 19
42 03 53 01 48 13
33 08 06 27 22 52
26 43 24 12 15 37
27 20 23 36 35 44
04 53 31 15 14 08
31 40 37 33 34 45
29 31 09 55 26 12
28 54 07 44 55 30
49 31 59 56 08 41
49 11 08 42 24 15
39 36 08 17 28 18
40 37 15 14 24 52
34 42 44 59 01 03
23 28 34 16 11 45
23 24 08 14 10 26
38 18 53 55 16 14
18 06 50 32 08 05
22 12 24 01 59 03
10 43 02 01 42 14
48 16 42 59 47 14
23 07 36 44 43 48
26 11 46 53 36 47
18 14 47 44 01 41
14 35 28 19 49 30
37 47 56 57 18 05
53 09 10 30 39 49
23 14 26 50 29 49
48 16 14 05 24 51
23 53 01 30 43 07
24 11 41 31 42 45
13 26 06 01 53 20
47 27 51 16 34 08
51 42 35 58 37 50
44 59 01 46 41 31
60 51 06 15 28 26
34 38 30 48 47 17
46 11 16 26 28 06
32 26 54 59 01 02
39 08 02 36 18 59
29 24 41 44 14 17
32 08 37 38 16 39
23 52 43 05 41 37
27 30 01 48 46 02
12 14 27 44 51 07
42 09 55 08 02 10
03 49 44 02 28 21
48 52 03 28 44 05
42 03 57 13 09 23
39 14 05 56 47 12
18 38 08 42 10 01
34 41 55 32 52 56
40 15 23 18 08 33
25 53 23 26 35 13
56 60 09 03 23 34
15 55 30 08 40 48
27 54 14 08 48 23
28 42 38 45 49 40
14 18 46 03 08 36
03 18 34 23 31 32
20 36 03 02 26 12
48 35 47 52 46 54
14 52 09 13 58 44
41 01 27 31 24 40
17 18 09 40 47 21
17 06 51 01 59 08
28 52 01 26 30 25
03 49 25 53 47 09
19 40 26 35 45 14
12 49 44 31 42 55
47 34 22 23 54 20
07 04 24 11 18 23
17 48 07 34 18 27
44 40 52 02 49 11
60 09 51 41 36 23
14 52 03 27 41 50
07 47 26 22 03 16
59 14 01 22 34 33
18 31 12 01 59 46
34 30 02 12 60 42
12 43 07 41 28 13
21 23 37 26 45 03
41 54 34 37 06 11
49 21 42 37 18 20
28 09 24 59 44 12
42 31 36 52 47 26
31 22 43 29 18 20
58 35 28 32 07 22
32 23 43 06 45 42
18 51 04 29 47 11
18 20 35 52 31 58
14 53 21 36 28 46
37 28 41 06 60 15
53 56 34 29 42 24
08 05 37 36 07 06
35 54 31 05 28 06
13 20 32 48 29 02
07 35 24 52 55 10
24 52 12 36 57 46
53 02 36 37 31 39
34 10 39 03 07 01
03 04 24 14 25 48
31 60 33 48 32 03
54 19 09 52 37 14
53 10 37 01 41 56
03 15 45 51 41 18
27 57 31 28 49 07
34 46 44 02 10 31
12 39 44 30 60 52
51 32 11 49 05 10
19 05 42 33 07 52
23 57 05 28 45 29
48 40 50 07 29 32
08 18 11 35 59 32
07 18 24 53 30 44
59 40 29 41 45 37
49 54 24 45 01 23
02 37 14 48 57 25
31 44 35 05 19 56
29 04 26 21 34 51
44 55 22 21 14 03
42 02 46 06 33 29
30 05 20 37 02 47
55 53 28 44 57 05
26 08 36 10 09 48
05 53 60 52 07 30
26 40 21 28 57 41
28 55 09 57 22 02
41 19 31 06 33 03
49 23 26 18 21 54
39 03 50 23 02 51
23 33 49 07 54 41
23 22 50 30 10 16
37 11 21 03 14 02
02 21 24 03 39 12
47 03 28 21 36 51
52 14 19 35 15 31
03 18 43 39 02 22
10 35 59 32 23 47
35 58 07 18 24 52
32 23 05 20 53 15
52 21 47 42 50 49
12 22 31 28 30 14
40 14 10 31 46 49
14 07 55 60 26 08
48 52 23 21 02 60
48 26 03 45 10 28
60 40 49 54 26 05
04 30 48 43 41 28
36 45 52 28 21 02
37 49 01 03 22 44
52 49 23 16 29 27
31 16 29 46 53 32
44 36 58 19 05 16
24 05 58 44 10 14
35 05 59 28 36 10
03 51 18 42 39 17
04 02 35 11 22 36
48 60 34 45 05 51
23 58 08 24 59 03
24 59 45 08 18 51
02 16 59 20 18 29
09 58 26 42 32 20
22 34 47 07 05 15
18 55 29 01 21 44
31 38 09 33 41 48
40 49 39 44 14 06
24 57 44 21 42 41
09 39 06 46 03 42
02 16 23 21 30 40
06 14 56 24 42 20
39 37 34 17 16 14
18 29 36 12 26 04
06 02 05 21 14 58
27 35 02 23 09 53
32 45 49 05 50 07
35 20 03 48 33 52
42 52 17 06 51 48
59 32 09 50 23 28
14 15 03 06 28 12
44 26 43 01 39 29
50 07 08 26 52 11
51 32 33 49 09 02
07 47 30 17 60 29
57 49 03 42 44 20
19 23 02 08 26 58
42 57 22 30 08 01
19 51 54 40 31 05
24 58 02 53 49 31
60 08 35 29 42 52
59 32 43 06 09 05
42 33 35 21 49 28
35 49 54 07 32 55
30 09 19 05 31 10
57 22 12 36 04 02
60 41 24 51 21 29
26 17 05 39 16 47
24 14 53 17 34 38
36 54 52 32 37 58
41 20 43 08 22 07
36 31 05 40 07 06
52 04 10 05 23 16
34 03 06 30 43 42
50 05 28 09 47 31
16 09 57 31 48 56
36 34 29 25 16 35
10 08 43 16 05 31
25 42 03 34 01 15
51 48 34 18 52 21
19 37 08 02 34 35
35 37 36 07 09 57
07 14 20 16 18 57
11 37 28 09 35 46
09 42 47 25 08 15
16 12 44 45 40 52
19 13 48 34 37 52
06 32 29 30 05 18
09 32 02 35 17 08
03 10 30 06 39 51
52 40 08 07 10 29
34 14 29 02 40 48
48 45 02 14 57 53
28 18 48 24 49 45
31 28 34 26 43 22
60 37 07 35 40 57
20 24 38 32 36 52
34 54 36 08 14 04
56 05 21 26 41 47
49 29 08 58 32 42
18 28 51 31 49 03
06 14 20 04 47 22
24 09 08 01 47 52
38 44 35 43 26 53
22 48 27 14 47 18
14 37 05 20 26 22
13 35 41 02 33 12
32 39 47 06 15 08
28 09 33 31 14 26
45 28 34 53 22 50
36 58 20 42 18 37
36 12 17 43 29 06
07 35 53 10 14 48
48 28 41 27 53 11
12 59 38 28 36 53
29 23 01 16 60 24
17 51 30 49 05 25
52 06 22 37 36 48
14 04 27 06 26 24
08 02 57 29 45 48
26 48 39 42 40 54
28 23 09 39 02 06
58 60 26 08 30 32
53 34 03 26 42 16
14 10 32 24 04 22
16 36 30 02 48 57
01 31 23 59 26 17
07 50 54 36 37 40
29 08 41 52 20 36
32 05 25 42 52 59
06 13 47 35 55 31
49 10 22 19 08 26
22 02 45 09 48 23
02 40 16 18 15 55
47 07 46 42 26 24
46 36 44 28 37 16
49 34 12 44 14 08
53 36 30 32 33 07
27 36 32 48 03 08
32 21 31 16 26 58
27 26 01 17 52 35
28 14 12 45 34 35
22 03 60 42 07 48
18 09 53 54 24 12
42 29 30 15 57 14
03 22 09 47 18 35
27 17 49 51 35 14
26 58 30 36 01 28
37 12 27 16 41 33
43 19 08 47 06 40
02 11 52 03 08 48
34 08 38 18 28 54
14 36 57 29 20 26
09 55 02 33 44 05
16 01 11 51 34 09
41 15 53 58 32 37
23 14 19 52 26 39
22 16 52 12 14 05
18 35 01 22 45 23
45 03 09 15 37 02
24 53 35 29 20 30
07 20 29 48 34 42
06 55 37 21 29 40
43 30 07 08 54 49
55 48 26 33 02 03
28 12 04 54 29 44
19 43 03 23 31 42
41 43 51 09 14 49
47 39 01 31 19 08
40 32 50 06 41 23
32 33 24 53 55 34
57 08 28 02 31 55
28 03 34 42 27 02
41 06 36 08 60 18
51 34 23 03 25 10
01 21 34 36 03 54
09 47 02 16 45 57
44 16 09 19 47 24
05 52 21 15 42 34
40 22 42 41 44 58
42 37 46 25 14 26
45 32 09 28 50 48
07 45 05 37 48 38
28 37 12 42 46 57
44 54 03 58 22 31
52 59 37 58 53 02
23 18 59 31 37 24
21 23 14 12 37 46
48 07 49 41 30 43
59 37 08 26 02 36
12 42 44 29 52 47
42 31 41 01 58 47
49 50 48 30 16 54
15 47 40 36 09 57
55 34 30 16 45 48
15 52 01 02 07 13
09 22 55 07 20 52
43 48 05 55 28 18
14 03 27 22 41 50
57 45 37 34 35 07
42 31 36 58 06 18
44 18 24 57 49 22
01 29 44 21 02 27
32 19 06 39 05 47
07 01 34 26 45 25
21 41 27 29 12 44
24 50 05 48 02 12
04 30 35 52 27 48
05 40 16 42 30 43
37 05 01 02 26 31
24 18 60 17 44 06
01 33 37 07 03 14
49 57 18 56 31 08
24 03 32 44 21 51
06 01 03 23 51 04
01 03 54 37 08 52
07 48 52 12 17 41
25 53 42 08 46 29
44 40 12 19 35 39
28 57 03 25 18 42
23 29 35 19 38 53
05 39 47 34 35 02
39 41 28 29 25 14
32 01 27 34 55 16
56 11 07 03 52 05
07 33 37 53 29 32
29 12 18 23 15 46
37 32 47 56 25 14
49 50 39 26 48 14
22 16 15 31 48 34
17 53 22 41 11 37
09 15 34 01 41 10
26 33 56 32 52 28
19 57 05 44 02 36
08 45 14 43 06 30
41 34 17 21 01 06
56 33 09 29 49 01
17 58 05 42 08 18
33 15 30 32 12 22
36 56 32 41 44 53
44 05 57 37 18 22
36 35 30 08 52 18
14 41 34 33 36 47
16 30 53 28 25 45
09 21 31 24 38 12
35 03 30 40 04 59
37 45 23 18 32 14
02 40 35 48 07 10
42 52 38 10 12 14
51 57 11 18 01 44
36 43 32 20 51 16
03 07 37 38 33 12
22 28 19 04 36 37
50 18 58 52 29 34
48 49 31 35 29 28
45 27 36 35 07 30
12 07 59 22 03 50
24 06 02 49 10 20
47 32 42 34 21 25
05 44 36 31 03 58
49 30 09 36 56 60
51 30 04 18 32 02
60 42 29 18 21 14
09 52 58 30 16 48
49 20 24 46 08 01
23 51 03 28 07 18
07 19 35 41 28 29
54 36 42 09 16 21
30 56 37 36 34 57
07 10 37 52 58 14
34 28 33 52 20 02
10 28 35 19 44 16
44 33 36 49 39 47
52 42 57 23 34 36
02 36 57 32 18 47
22 06 01 27 47 03
04 35 14 38 26 02
14 28 37 43 24 57
01 37 56 14 30 45
14 26 21 28 07 54
32 44 40 07 21 02
03 57 42 04 26 05
39 12 44 01 52 19
09 31 12 40 43 54
04 48 47 16 37 23
22 37 02 28 58 15
17 07 45 18 02 42
53 29 16 51 35 37
37 26 59 08 31 34
10 53 18 42 17 14
08 25 37 23 27 44
01 06 60 07 03 25
12 47 28 18 15 54
28 44 09 12 35 40
44 42 05 46 50 48
55 18 02 24 36 11
18 53 15 04 30 23
24 33 22 06 40 08
60 48 34 35 05 59
40 42 06 27 14 20
45 22 08 24 29 03
35 56 23 31 27 24
41 49 02 18 32 10
09 51 27 01 19 23
17 14 03 48 02 49
41 24 05 09 31 56
54 37 49 56 28 48
12 52 36 31 32 18
49 53 46 41 60 18
48 19 31 09 16 18
35 18 45 44 12 39
47 32 36 33 44 42
34 11 42 06 32 55
42 17 47 30 09 20
11 08 01 23 29 06
31 24 27 02 58 05
50 36 37 31 40 01
28 37 26 09 38 34
34 24 20 02 21 31
13 37 08 28 47 05
42 37 48 55 07 21
34 02 05 58 56 03
33 12 52 36 15 49
48 40 18 09 44 54
44 02 10 09 48 57
44 07 47 24 06 16
57 36 16 25 22 42
05 60 12 44 56 40
28 59 53 10 12 41
31 12 32 34 35 14
45 16 53 18 56 24
28 29 24 50 43 30
40 10 02 53 55 01
49 14 05 47 11 58
53 56 01 15 37 52
29 36 50 11 01 51
06 26 37 41 53 49
07 09 34 11 31 48
02 13 01 04 06 36
18 41 08 34 24 06
02 16 44 58 08 21
14 60 26 09 45 02
11 21 44 36 34 52
08 57 52 47 05 11
41 02 23 44 34 52
35 19 37 25 26 40
48 03 52 41 21 30
33 28 02 53 15 34
60 24 52 12 23 03
08 51 14 09 30 34
42 01 30 59 14 41
01 37 05 33 46 40
18 16 44 50 36 06
24 09 03 17 02 23
02 16 01 14 58 29
31 60 51 02 08 29
05 24 14 01 43 40
56 28 26 30 37 24
08 46 02 52 35 49
45 13 34 18 32 06
04 02 20 05 03 26
05 01 40 47 53 56
03 30 57 51 47 25
02 15 48 08 31 49
52 44 17 01 32 21
02 23 59 32 35 53
16 29 56 37 32 55
12 01 09 39 30 44
37 36 16 22 43 04
47 60 18 32 49 17
33 47 07 03 11 51
34 14 32 26 45 33
16 57 29 26 11 31
03 54 14 06 33 29
34 14 48 47 10 13
36 34 55 44 20 23
49 03 04 39 12 22
27 44 10 52 06 01
11 36 06 09 22 18
51 42 53 34 57 07
08 44 23 31 60 34
31 22 30 05 17 57
30 46 06 16 58 34
37 47 28 11 50 18
24 08 12 14 44 41
26 43 24 22 49 37
52 15 54 09 48 12
01 31 40 41 28 23
03 05 24 50 34 47
16 53 24 55 47 43
42 24 15 32 18 46
41 16 51 60 53 57
41 46 35 05 09 59
07 23 18 29 37 14
33 16 22 52 05 07
34 18 42 02 24 03
31 05 29 46 43 53
32 55 02 36 20 09
02 06 27 18 15 09
24 30 33 27 49 34
03 07 47 58 24 26
32 54 47 07 08 40
28 18 47 50 05 53
16 37 07 53 26 09
31 56 54 37 30 52
24 42 38 09 54 26
31 43 24 13 09 05
01 03 53 51 08 15
10 18 33 01 37 44
31 18 47 09 32 39
06 01 04 53 12 28
42 10 09 38 37 53
32 52 12 47 38 01
30 33 42 09 08 35
30 39 08 26 12 03
07 19 42 54 16 44
11 50 12 03 06 08
41 23 46 48 19 40
34 28 44 14 07 02
47 26 40 53 20 16
52 31 44 13 49 60
24 08 23 19 41 18
33 42 29 12 34 04
12 24 01 55 51 06
03 47 11 40 31 38
34 36 28 17 41 53
47 34 05 33 31 51
55 35 13 30 41 42
36 13 54 03 47 08
15 49 17 07 28 37
22 23 04 54 24 35
42 49 37 08 53 18
42 26 14 60 24 27
01 40 47 08 15 31
30 18 01 36 21 06
44 48 19 58 14 47
26 36 24 60 47 59
06 30 32 17 09 01
32 27 44 56 03 23
58 15 29 14 52 36
05 04 34 51 08 29
34 29 16 26 40 39
37 01 02 56 32 16
53 51 47 11 42 24
07 28 26 19 45 29
02 41 47 13 16 18
07 21 30 36 57 42
37 17 41 09 13 40
48 12 54 39 49 01
13 37 12 08 34 15
06 07 01 35 50 53
09 53 30 56 45 06
49 50 43 29 34 37
12 23 21 02 10 16
02 32 31 19 36 30
06 16 44 52 60 22
26 39 08 28 17 52
23 10 21 37 47 24
31 53 06 38 21 03
03 37 57 23 16 33
29 60 48 16 18 02
42 47 28 18 04 39
35 32 54 12 18 36
35 34 10 25 08 07
08 12 03 19 49 02
15 41 40 30 05 08
13 01 06 43 47 03
28 37 45 24 32 56
26 52 17 32 06 35
03 07 45 28 52 11
57 04 09 32 06 31
41 18 57 44 37 55
35 24 52 20 47 41
26 43 16 18 35 54
02 22 12 45 09 53
02 38 28 39 26 53
44 03 45 04 28 23
31 37 36 21 47 53
36 26 45 40 46 53
24 48 04 26 07 02
09 07 19 22 21 12
46 32 49 03 28 20
07 56 10 47 02 28
34 58 48 28 42 25
24 25 58 07 48 35
54 08 16 28 26 07
24 28 40 57 18 56
28 53 47 40 21 29
47 27 30 16 01 32
25 19 44 02 51 14
31 58 42 52 34 09
27 05 46 14 42 26
14 34 24 48 57 36
51 40 03 18 41 59
47 09 31 39 26 01
12 06 33 07 47 10
29 14 36 07 02 42
02 32 34 15 18 04
26 53 45 47 29 05
38 54 26 01 36 49
16 44 21 40 32 48
04 03 53 48 24 56
42 13 09 03 06 49
32 29 34 44 59 09
08 20 40 30 04 28
34 49 30 55 04 26
59 33 52 51 31 01
16 33 48 45 34 03
09 24 01 46 50 40
30 41 19 05 28 16
07 23 60 08 31 11
20 41 30 37 25 12
42 03 59 47 52 57
02 54 52 25 53 22
29 50 25 34 52 06
53 55 37 44 01 17
48 40 17 27 22 02
02 17 53 18 26 29
42 05 43 16 54 24
22 01 60 11 41 23
05 02 34 47 01 43
14 20 12 07 33 31
16 01 40 58 22 54
03 08 48 22 59 31
52 03 26 13 14 09
01 41 07 32 36 18
08 25 47 49 30 36
32 40 15 05 01 17
09 23 50 52 51 15
11 22 39 37 48 49
19 18 37 45 22 35
40 09 44 26 39 16
36 09 27 49 53 58
39 25 22 34 06 36
21 06 41 09 47 04
55 42 32 06 20 02
16 21 49 55 18 42
40 48 60 24 43 01
16 32 03 25 46 07
53 51 04 54 34 44
24 40 12 48 29 13
08 57 50 35 34 09
55 48 52 02 41 47
47 08 22 34 29 39
06 57 45 37 53 49
25 11 07 53 34 30
33 32 12 52 53 41
53 32 30 38 48 60
52 59 40 36 50 24
25 57 18 31 30 37
24 12 35 37 60 19
52 16 32 36 37 24
24 05 12 07 31 39
07 31 01 32 49 43
53 02 48 37 06 24
37 39 45 32 22 53
10 44 02 22 24 09
37 35 01 21 42 51
06 18 33 58 47 14
35 50 16 15 18 53
36 46 35 32 31 59
18 09 13 05 41 04
46 07 05 21 23 01
25 16 03 36 57 05
25 11 28 51 06 07
08 44 02 28 19 57
26 27 41 24 58 51
17 34 24 49 03 41
02 07 21 55 01 22
59 19 49 16 23 03
22 54 32 24 21 07
15 47 59 40 44 26
22 37 24 40 29 45
09 48 38 32 52 14
45 12 11 52 49 16
06 29 53 02 18 39
60 26 14 21 51 18
22 33 14 30 25 08
39 07 05 52 16 04
48 04 35 39 22 18
19 49 29 37 30 58
49 31 46 50 18 36
54 23 30 01 26 43
36 34 37 38 39 18
04 22 57 03 07 24
38 29 26 24 36 18
30 01 40 11 03 27
25 06 12 40 53 27
29 59 14 48 18 22
35 44 54 41 29 17
37 16 05 56 42 50
20 14 13 41 52 32
29 12 36 58 06 13
07 53 30 01 44 47
36 02 48 32 08 43
20 33 52 53 16 51
01 10 37 09 60 44
48 18 28 51 57 27
06 24 43 02 30 50
29 06 30 53 38 39
35 29 18 27 15 31
55 53 31 43 52 03
41 53 13 37 06 49
55 26 44 30 08 14
14 53 35 43 38 08
40 45 18 36 24 29
04 08 10 51 02 31
28 10 34 23 27 07
26 51 27 11 03 36
22 28 06 34 26 48
47 49 08 53 11 54
01 06 24 56 34 10
06 27 05 22 54 03
14 30 15 02 48 01
14 53 40 43 30 16
09 03 60 58 31 32
19 14 12 52 25 34
03 42 06 24 01 34
15 22 27 42 08 07
34 29 16 15 31 41
30 19 03 13 53 07
21 23 45 16 18 52
13 27 31 12 08 14
51 01 44 31 08 16
11 60 42 29 06 53
42 16 27 44 50 14
07 08 44 32 54 46
32 09 48 30 41 15
32 20 53 08 28 35
16 59 09 32 30 29
18 26 52 39 08 05
44 49 12 34 37 06
44 32 01 15 40 52
08 54 05 35 16 23
20 44 11 14 02 35
31 07 08 17 45 36
13 29 26 17 23 41
36 44 10 35 34 42
42 15 02 26 60 34
60 34 26 45 48 03
31 14 58 16 37 54
59 40 29 01 23 30
44 05 30 20 14 07
27 25 24 14 12 40
06 37 16 52 31 02
53 35 31 39 18 58
05 39 26 44 30 59
53 10 41 02 04 05
05 09 37 15 52 10
44 06 45 14 08 13
16 43 31 09 47 26
49 05 02 34 51 36
32 48 49 45 34 54
57 58 29 14 01 30
40 39 22 03 05 20
39 01 28 25 41 47
44 18 19 51 48 45
15 16 29 31 52 59
35 28 20 48 37 34
20 22 44 47 18 07
25 01 43 47 53 34
41 08 28 58 48 35
60 35 07 20 02 52
02 12 21 34 23 52
49 55 47 08 44 53
28 01 36 35 54 21
24 17 37 01 25 23
36 29 07 60 14 38
36 59 31 48 55 53
12 37 58 08 28 45
42 18 58 36 35 54
36 43 52 02 12 49
47 21 18 29 40 37
01 51 50 21 49 16
27 53 18 58 08 02
17 35 05 43 40 29
11 23 12 07 10 37
50 03 12 06 07 13
02 30 28 37 45 23
39 47 50 12 24 40
33 09 12 20 07 30
45 04 37 18 52 30
25 51 41 27 35 07
29 01 34 22 30 11
53 03 32 20 35 31
40 44 24 02 31 37
44 55 03 22 49 26
06 43 19 09 32 40
56 18 53 30 49 14
45 26 03 30 06 14
02 33 49 44 10 08
40 34 08 32 49 19
28 30 52 02 25 10
28 29 44 51 53 40
10 40 22 23 53 42
01 17 47 29 45 36
58 40 24 53 25 02
58 15 47 53 30 37
47 08 55 03 28 54
44 53 59 48 40 02
34 24 09 19 16 48
48 34 35 57 52 13
11 29 54 06 36 28
40 31 33 41 02 60
32 28 15 26 51 44
33 03 14 49 08 18
30 17 35 49 18 06
25 28 16 33 06 05
28 40 42 35 09 26
56 18 55 23 08 31
34 22 30 05 40 31
40 29 42 54 45 03
10 36 39 52 14 32
03 21 06 60 41 16
47 24 05 59 39 09
01 13 02 09 03 34
34 12 09 53 20 56
05 48 40 02 35 59
41 50 37 53 52 06
08 37 53 28 41 47
53 31 20 04 51 32
25 59 37 26 06 52
47 14 48 50 44 20
38 54 52 26 16 23
39 09 32 54 24 35
33 08 31 35 40 05
53 57 02 42 32 25
24 48 18 17 04 41
24 11 28 38 26 03
35 10 26 58 36 34
02 32 19 16 31 35
38 30 40 11 06 41
60 57 16 22 32 48
55 40 22 18 31 20
23 09 22 59 53 19
46 30 42 39 26 18
44 12 23 26 47 11
49 25 42 28 36 31
48 23 47 34 37 49
30 42 39 36 52 35
28 14 17 44 18 12
32 40 11 31 02 19
23 39 32 43 35 51
26 33 18 37 46 06
32 16 57 58 22 28
51 54 23 52 48 12
53 51 34 31 32 25
38 28 47 16 02 33
01 53 12 07 49 10
05 02 10 44 48 20
14 30 20 02 26 21
07 09 45 42 32 49
08 03 32 16 39 28
52 06 21 53 16 07
44 23 55 53 60 29
28 29 26 45 33 40
15 21 36 09 47 41
34 11 47 13 37 03
48 49 10 01 29 19
08 30 47 12 35 34
24 22 52 48 14 44
34 59 09 18 27 37
05 18 26 37 31 16
60 53 49 11 26 32
44 22 14 10 48 47
35 46 30 18 58 34
53 39 30 55 09 47
46 17 12 09 49 30
30 47 33 60 53 23
36 02 09 05 37 35
17 22 16 40 30 47
03 09 34 50 14 11
25 31 32 39 44 49
20 29 21 08 09 07
46 52 57 37 49 02
20 34 14 54 41 01
02 25 48 08 42 15
50 23 34 28 36 05
23 15 37 02 04 41
05 48 01 12 57 13
47 30 50 29 59 28
34 38 48 40 06 49
05 58 25 01 31 30
02 06 38 23 45 37
35 36 22 32 01 23
09 27 35 15 08 41
35 53 60 44 12 07
04 51 03 19 26 30
52 48 07 11 57 35
30 40 09 54 45 31
31 12 29 55 36 16
27 42 12 48 35 30
49 57 14 35 36 43
25 16 28 07 31 13
01 42 30 34 50 54
09 16 27 49 01 45
05 22 02 10 17 09
32 37 55 24 22 04
43 26 05 29 38 44
29 47 10 52 31 49
11 51 07 36 40 54
06 36 45 44 29 59
03 19 28 34 17 52
55 53 47 40 26 03
38 20 12 40 07 31
47 34 53 36 05 06
42 59 27 05 26 12
16 55 53 33 35 06
52 57 06 29 31 51
28 41 21 30 27 14
18 27 02 51 48 59
01 17 07 34 59 02
14 08 42 58 04 31
51 57 23 44 18 16
26 25 18 44 53 30
08 06 04 40 46 01
29 16 07 47 11 24
41 10 30 49 47 34
05 26 47 11 09 37
14 41 20 36 18 46
39 44 51 53 09 04
60 38 07 49 30 26
60 41 37 45 24 31
03 47 49 07 24 30
49 16 37 46 03 12
49 36 45 28 15 03
14 04 45 07 05 49
41 25 17 16 36 22
16 53 01 42 23 31
40 15 02 14 54 24
60 54 05 29 47 07
14 21 37 13 18 03
26 35 01 16 40 07
09 06 12 08 11 41
47 52 26 03 50 53
39 41 54 37 40 03
33 01 17 09 32 03
09 57 40 42 25 41
23 10 02 57 28 03
56 36 07 57 23 52
53 51 03 02 11 28
12 42 01 35 28 51
12 05 52 36 30 37
07 04 33 41 26 37
42 26 43 29 48 46
23 56 14 54 53 48
26 58 34 29 19 18
42 45 14 27 41 09
53 32 01 33 20 34
26 22 29 55 12 16
55 54 06 30 53 02
17 48 46 24 30 01
09 49 56 48 59 32
37 02 58 20 53 22
34 14 32 60 59 23
08 37 56 07 41 04
27 47 02 54 06 14
49 33 57 02 05 09
20 21 03 48 49 09
29 17 52 12 31 16
34 02 50 51 58 05
46 29 02 32 36 59
30 29 16 34 18 13
18 52 01 16 40 29
47 33 03 51 19 32
18 39 23 01 44 53
55 25 37 52 48 34
55 36 23 51 11 44
57 18 28 53 02 22
57 29 49 36 18 13
23 21 03 49 43 52
45 37 33 09 51 53
18 36 10 29 27 06
02 09 44 06 58 50
43 49 02 32 28 41
01 06 44 49 50 08
41 59 54 40 28 07
23 44 05 30 17 37
16 37 51 39 35 08
44 31 34 41 36 45
48 34 36 40 15 51
49 02 09 52 05 10
05 23 30 44 49 60
55 24 18 37 19 22
42 22 29 27 04 08
50 31 02 40 24 19
40 39 34 59 24 18
02 49 20 08 41 28
51 25 08 44 05 18
34 42 58 35 52 30
29 34 26 21 47 13
52 15 40 14 43 34
18 01 57 34 16 05
36 49 56 16 08 07
57 11 37 34 32 22
57 14 08 40 38 41
20 47 56 16 24 44
05 01 07 44 54 40
11 29 22 55 07 09
12 21 33 06 02 16
14 26 08 12 05 20
10 02 37 49 42 34
16 48 21 35 36 49
01 32 37 39 06 58
42 02 24 49 44 41
18 29 36 34 43 02
07 18 36 29 14 20
18 35 49 48 39 19
31 32 18 50 34 38
16 49 34 29 50 25
50 30 12 29 02 54
44 41 28 56 03 54
59 10 42 35 31 07
40 49 48 45 18 24
15 31 01 44 06 45
37 18 38 34 35 15
28 09 56 42 45 26
55 48 23 37 59 32
53 59 06 26 57 32
42 40 12 53 32 39
35 49 52 26 44 36
18 30 35 45 06 46
24 15 16 45 03 32
45 49 24 21 18 03
06 24 05 35 26 27
15 14 40 37 22 35
07 19 28 42 12 37
45 15 23 44 31 35
14 33 24 19 29 49
51 09 10 39 29 01
10 03 15 37 18 07
20 14 07 46 47 16
26 02 44 50 17 08
41 53 50 04 31 48
34 41 04 32 07 17
50 42 14 07 06 01
37 14 03 49 02 32
23 37 42 32 22 54
48 03 07 09 42 44
05 58 47 37 35 53
09 32 08 41 15 47
28 08 27 30 04 22
09 44 22 40 33 27
54 52 16 05 42 60
55 48 02 17 01 05
01 26 15 06 23 17
39 28 01 37 36 20
42 21 47 03 51 10
16 02 42 31 01 04
23 24 40 48 55 44
47 16 06 33 42 30
35 42 34 45 14 24
28 32 25 38 40 14
09 47 05 02 23 15
52 20 36 08 43 02
45 51 31 42 29 07
15 35 06 03 53 31
15 16 41 58 07 18
29 30 07 40 20 45
49 09 29 58 05 50
24 20 36 09 42 52
10 09 55 53 32 06
38 05 14 37 10 24
12 37 40 03 10 20
47 20 35 23 16 29
44 25 09 32 47 51
50 08 31 07 34 32
58 36 52 04 06 08
27 56 26 18 52 44
10 19 16 41 23 01
58 18 29 10 32 36
18 35 29 01 30 50
23 22 45 06 36 26
06 39 53 42 49 11
53 01 60 55 03 14
07 08 15 21 37 06
30 52 38 44 07 47
41 53 49 04 07 05
23 28 29 31 60 07
05 16 51 54 48 28
52 06 07 21 40 44
23 09 26 47 52 08
52 38 16 09 37 49
37 07 14 25 33 01
43 05 30 39 24 40
51 26 49 36 48 27
02 11 40 23 20 24
41 12 02 10 06 11
54 53 12 32 34 48
36 18 49 42 60 15
29 30 16 23 22 54
59 03 08 23 37 40
04 30 05 03 49 02
50 40 48 23 28 41
19 05 17 16 26 53
30 07 06 14 57 54
26 08 49 18 60 51
44 15 31 23 34 24
52 37 59 22 12 43
44 02 18 38 08 55
51 25 40 41 18 48
02 44 52 16 34 27
34 57 51 14 48 45
16 05 35 31 15 58
51 19 08 37 05 57
12 56 47 58 26 30
10 06 44 47 50 09
35 10 07 26 16 45
60 51 28 14 54 49
03 25 26 40 35 18
15 02 35 09 49 07
35 10 44 26 39 06
26 23 12 15 51 02
03 01 24 29 56 45
54 40 20 32 24 18
07 28 13 14 49 33
21 06 52 07 02 39
29 24 51 59 17 18
56 06 12 23 33 29
51 34 02 28 52 60
39 26 32 48 38 52
36 59 12 48 51 40
41 45 42 53 33 35
50 26 05 14 23 06
49 43 56 44 03 02
08 18 35 48 42 13
35 30 18 20 45 37
55 01 26 49 27 03
37 28 40 15 07 46
42 44 52 59 12 03
59 42 17 26 53 47
32 41 51 43 05 16
16 44 51 02 42 19
53 44 48 34 17 09
37 54 40 60 52 41
53 43 52 09 20 34
24 53 58 06 34 59
09 32 35 23 33 47
01 52 18 39 22 16
30 03 49 53 15 50
07 04 32 08 48 27
29 46 44 39 23 16
02 07 55 12 18 22
29 18 37 40 35 34
31 39 33 29 37 07
18 34 32 03 05 54
57 12 07 10 03 05
07 35 14 15 01 33
17 44 48 50 37 06
26 02 33 37 23 07
10 08 30 58 52 07
24 32 45 07 17 16
24 60 17 44 09 32
06 56 44 20 23 35
40 14 25 32 17 34
35 51 01 34 33 15
06 24 47 08 58 37
52 44 30 48 36 29
48 58 09 05 18 54
40 47 11 23 42 22
44 50 02 32 18 56
14 48 33 16 37 47
39 53 33 32 22 01
60 39 48 07 30 42
53 28 31 14 30 03
60 01 35 48 51 55
28 16 52 19 18 25
19 36 08 38 47 40
09 16 36 05 10 44
14 37 46 34 53 28
03 26 19 42 32 17
28 60 07 22 53 55
02 51 01 09 58 59
30 49 03 32 35 39
60 22 11 07 41 48
35 21 12 14 37 11
34 41 10 30 08 23
07 18 05 20 49 04
56 14 54 05 52 06
27 23 36 33 22 42
37 25 58 06 42 28
44 13 48 52 15 01
51 29 06 52 34 14
14 54 33 34 36 47
05 51 11 07 17 49
27 44 26 30 60 40
08 16 09 56 02 32
26 24 47 32 16 11
52 03 53 24 58 31
48 31 38 26 28 32
48 42 29 20 26 02
16 02 33 07 01 18
44 34 53 58 24 30
43 26 44 12 27 34
05 04 03 07 25 01
59 40 34 35 25 02
40 47 01 37 03 16
55 03 26 18 15 47
31 02 24 36 55 37
40 30 60 34 26 25
37 36 20 05 08 06
26 30 49 17 15 02
22 31 53 24 19 45
21 60 18 12 28 09
05 24 31 37 03 19
44 34 45 08 49 24
42 39 30 27 47 36
01 04 31 48 41 23
02 49 10 42 32 51
07 24 22 40 04 12
52 07 59 32 30 35
53 19 42 55 47 40
60 06 40 44 59 08
43 22 59 48 47 26
25 38 23 42 44 03
30 40 47 24 33 51
14 08 52 49 40 39
08 54 23 09 15 07
35 17 55 24 16 41
18 12 06 16 05 09
02 10 37 40 59 14
09 41 01 57 16 60
02 07 40 42 47 59
09 30 22 01 05 23
16 53 38 14 55 42
45 46 36 34 52 49
43 07 40 26 27 41
22 53 20 52 10 30
14 47 05 30 31 39
08 01 54 20 41 28
36 28 38 14 21 35
29 35 13 57 47 08
35 06 01 09 20 31
02 16 37 40 01 22
41 54 05 23 51 01
50 29 02 60 12 35
19 07 21 42 26 44
10 26 52 20 41 47
52 16 03 48 60 53
49 57 41 35 26 46
41 17 14 13 03 05
48 04 55 41 12 37
07 26 33 48 59 52
14 20 50 36 08 30
08 03 31 46 53 27
26 58 05 32 52 24
42 36 57 01 08 29
58 55 51 08 05 06
07 28 58 47 56 53
36 16 35 51 40 47
29 10 18 51 58 14
35 18 19 51 02 09
14 24 20 05 18 07
36 26 22 58 05 37
15 27 23 52 42 01
09 46 36 43 16 42
15 02 22 58 35 07
53 36 55 04 47 42
19 18 51 31 23 52
52 28 30 56 54 34
34 24 30 02 18 40
01 55 23 12 43 35
24 33 29 40 05 47
28 26 06 35 43 22
47 02 06 18 33 09
49 51 34 15 19 09
16 47 28 18 01 26
28 09 59 08 41 20
01 56 21 32 05 23
16 05 43 26 22 53
26 14 48 05 28 54
50 28 01 40 31 05
05 50 51 26 49 30
42 53 45 58 37 23
58 29 31 43 44 32
43 37 31 41 51 02
52 06 22 45 55 47
35 14 20 16 47 42
16 34 43 29 11 51
59 33 41 34 23 18
08 18 43 06 09 60
05 53 47 48 10 07
48 54 30 24 11 52
16 06 42 21 30 43
58 51 42 52 24 04
28 50 32 23 05 17
05 17 34 11 09 35
57 34 37 26 55 42
34 38 14 32 04 06
03 10 32 35 07 31
52 28 34 47 13 41
52 59 17 31 16 23
34 26 41 06 47 60
51 12 49 50 32 07
22 47 41 54 43 26
34 05 06 42 52 02
01 06 29 54 05 55
26 37 01 34 20 53
03 51 17 21 24 47
07 22 39 40 60 03
41 09 02 53 50 04
18 25 23 42 49 51
28 30 25 40 50 42
31 55 20 41 42 08
55 41 09 39 31 34
23 58 11 37 40 28
52 27 28 17 09 12
42 49 40 45 30 24
41 29 20 49 22 42
43 31 18 53 35 57
34 03 42 57 16 37
47 60 42 33 28 02
31 04 14 07 08 15
48 32 17 58 29 09
23 08 14 06 17 49
13 01 23 12 43 28
42 18 16 35 55 60
24 32 03 15 52 21
49 37 24 26 32 15
13 02 07 09 57 12
08 58 53 57 06 26
05 02 18 06 28 24
53 31 55 37 38 42
28 02 06 37 43 21
40 44 51 31 33 43
15 06 18 56 12 42
24 12 34 49 46 20
49 07 43 17 24 05
19 08 07 29 22 16
54 22 21 53 02 07
33 39 16 32 03 02
25 28 05 14 06 51
23 15 47 36 03 45
03 08 20 39 49 51
24 41 52 03 11 28
25 24 55 23 52 05
29 53 26 49 12 47
02 57 31 52 09 20
53 56 21 40 02 49
08 42 11 53 05 16
23 28 47 01 48 29
54 37 12 26 29 34
09 53 31 42 44 21
07 12 04 54 14 49
15 28 01 45 08 51
02 47 51 36 53 40
41 34 29 52 17 58
42 40 30 29 46 34
25 33 26 24 02 36
57 09 38 47 35 06
22 09 14 48 50 21
49 07 17 26 08 51
06 16 28 08 20 33
53 42 49 23 26 30
45 32 37 36 50 09
40 39 22 28 25 09
18 36 05 54 01 17
12 14 13 33 29 48
23 14 18 50 44 31
14 60 02 37 24 58
34 30 04 05 21 49
07 46 19 14 47 49
45 22 37 08 57 23
37 58 49 23 47 16
32 36 37 03 17 43
23 52 40 16 47 03
30 41 47 09 40 20
18 04 05 49 36 02
15 18 16 12 35 08
52 60 40 51 41 33
42 18 47 14 60 36
36 37 35 58 30 48
44 40 30 47 01 06
44 47 23 35 24 46
08 14 41 54 05 02
16 41 56 20 49 35
29 52 33 14 23 55
44 42 58 29 34 53
16 37 18 22 28 34
55 47 44 16 30 09
32 33 52 02 48 31
29 35 19 47 32 17
41 28 08 27 31 42
37 36 17 14 26 16
57 52 05 34 07 19
51 36 43 44 34 01
25 42 05 49 35 20
56 18 44 36 05 11
49 16 28 52 40 24
18 16 27 60 28 14
21 03 44 38 16 28
49 39 47 12 23 59
15 30 29 10 49 24
06 01 32 53 38 02
33 44 42 36 04 32
36 49 29 02 26 31
46 55 36 09 08 48
32 44 17 11 23 09
05 35 40 01 23 43
02 28 41 15 30 37
44 10 36 31 22 52
54 24 13 07 18 14
19 18 15 16 49 48
23 34 58 32 53 19
44 31 29 38 10 07
29 44 09 47 32 51
28 01 24 22 26 37
29 06 04 56 36 34
24 40 28 43 03 07
56 48 07 23 37 20
24 32 53 35 60 48
49 50 47 44 31 16
33 47 11 44 14 31
36 24 18 05 23 60
08 17 22 11 01 49
19 06 11 32 51 30
55 41 35 32 37 43
47 05 60 17 51 32
34 48 51 39 35 14
14 44 18 29 24 05
47 30 19 07 01 40
28 44 55 14 06 32
07 37 30 35 29 10
22 15 23 37 49 11
22 49 16 28 47 05
04 48 30 57 53 52
28 05 55 33 36 16
35 11 42 34 52 03
09 19 10 36 49 42
14 27 59 12 44 06
57 16 37 40 01 28
10 17 05 53 52 36
07 54 06 37 36 08
47 60 44 51 15 28
46 36 18 59 53 02