Vinicius
01 02 07 16 25 39
01 05 08 16 27 56
01 05 15 22 25 40
01 11 28 37 48 56
01 12 35 47 50 55
01 14 29 48 51 58
01 14 40 48 53 58
01 15 23 37 50 53
01 18 19 22 23 40
01 20 32 35 42 44
01 32 33 35 45 51
02 03 06 21 41 50
02 03 19 21 24 52
02 03 23 42 48 59
02 03 24 32 36 42
02 05 11 14 37 58
02 05 16 18 19 29
02 08 12 15 32 57
02 09 22 37 52 57
02 14 18 32 34 36
02 15 23 49 53 56
02 19 21 42 47 53
02 25 36 40 49 57
02 26 29 30 32 53
02 29 42 50 53 54
02 31 33 34 52 55
03 11 25 30 37 51
03 12 21 30 33 49
03 14 16 22 28 34
03 14 20 36 41 50
03 16 21 30 32 59
03 16 36 49 52 57
03 20 43 44 47 52
03 24 42 50 53 59
03 24 48 49 52 59
04 08 16 25 41 53
04 09 16 26 42 49
04 16 31 33 42 48
04 26 37 40 47 49
05 07 08 16 20 29
05 10 16 32 44 53
05 17 23 24 26 28
05 18 29 49 52 60
05 22 29 47 58 60
05 24 30 41 42 57
05 26 28 47 48 52
06 08 24 25 30 40
06 10 18 24 43 52
06 10 29 36 42 54
06 16 22 32 54 57
06 16 24 31 48 56
06 16 24 33 37 51
07 08 14 26 27 47
07 09 14 18 19 32
07 09 25 27 30 31
07 13 28 31 35 58
07 15 18 36 46 49
07 17 29 41 47 54
08 09 15 28 32 41
08 16 22 28 29 33
08 17 23 24 27 34
09 10 12 31 36 50
12 14 15 31 43 53
12 15 16 22 36 42
12 15 18 22 52 57
13 18 33 35 37 42
14 18 34 37 42 60
14 19 27 37 48 52
14 32 39 44 48 52
16 20 30 33 34 44
16 30 31 48 50 53
17 28 29 34 36 43
18 31 52 53 56 60
18 32 42 48 54 58
19 27 28 30 42 52
23 29 34 40 51 58
27 28 30 33 44 52
27 44 51 52 53 57
29 30 36 45 47 58
31 32 36 40 55 59
